11225 5 2245 2 0.5 0.5
0 0 1
0 1 1
0 2 1
0 3 1
0 4 1
1 0 0
1 1 0
1 2 0
1 3 0
1 4 0
2 0 0
2 1 0
2 2 0
2 3 0
2 4 1
3 0 0
3 1 0
3 2 0
3 3 0
3 4 1
4 0 0
4 1 0
4 2 0
4 3 0
4 4 1
5 0 0
5 1 0
5 2 0
5 3 0
5 4 0
6 0 1
6 1 1
6 2 0
6 3 1
6 4 0
7 0 1
7 1 1
7 2 0
7 3 1
7 4 1
8 0 1
8 1 1
8 2 1
8 3 1
8 4 1
9 0 0
9 1 0
9 2 0
9 3 0
9 4 0
10 0 0
10 1 0
10 2 0
10 3 0
10 4 0
11 0 0
11 1 0
11 2 0
11 3 0
11 4 0
12 0 0
12 1 0
12 2 0
12 3 0
12 4 0
13 0 0
13 1 0
13 2 0
13 3 0
13 4 0
14 0 0
14 1 0
14 2 0
14 3 0
14 4 0
15 0 0
15 1 0
15 2 0
15 3 0
15 4 0
16 0 0
16 1 0
16 2 0
16 3 0
16 4 0
17 0 0
17 1 0
17 2 0
17 3 0
17 4 0
18 0 0
18 1 0
18 2 0
18 3 1
18 4 1
19 0 0
19 1 0
19 2 0
19 3 1
19 4 1
20 0 0
20 1 0
20 2 0
20 3 1
20 4 1
21 0 0
21 1 0
21 2 0
21 3 1
21 4 1
22 0 0
22 1 0
22 2 0
22 3 1
22 4 1
23 0 0
23 1 0
23 2 0
23 3 1
23 4 1
24 0 0
24 1 0
24 2 0
24 3 0
24 4 0
25 0 0
25 1 0
25 2 0
25 3 0
25 4 0
26 0 0
26 1 0
26 2 0
26 3 0
26 4 0
27 0 0
27 1 0
27 2 0
27 3 0
27 4 0
28 0 0
28 1 0
28 2 0
28 3 0
28 4 0
29 0 0
29 1 0
29 2 0
29 3 0
29 4 0
30 0 0
30 1 1
30 2 1
30 3 0
30 4 0
31 0 0
31 1 0
31 2 0
31 3 0
31 4 0
32 0 0
32 1 0
32 2 0
32 3 0
32 4 0
33 0 0
33 1 0
33 2 0
33 3 0
33 4 0
34 0 0
34 1 0
34 2 0
34 3 0
34 4 0
35 0 0
35 1 0
35 2 0
35 3 0
35 4 0
36 0 0
36 1 0
36 2 0
36 3 0
36 4 0
37 0 0
37 1 0
37 2 0
37 3 0
37 4 0
38 0 0
38 1 0
38 2 0
38 3 0
38 4 0
39 0 0
39 1 1
39 2 1
39 3 0
39 4 1
40 0 0
40 1 1
40 2 1
40 3 0
40 4 1
41 0 0
41 1 0
41 2 0
41 3 0
41 4 0
42 0 1
42 1 0
42 2 0
42 3 1
42 4 0
43 0 1
43 1 0
43 2 0
43 3 1
43 4 0
44 0 1
44 1 0
44 2 1
44 3 1
44 4 0
45 0 1
45 1 0
45 2 1
45 3 1
45 4 0
46 0 0
46 1 0
46 2 0
46 3 0
46 4 0
47 0 0
47 1 0
47 2 0
47 3 0
47 4 1
48 0 0
48 1 0
48 2 0
48 3 0
48 4 1
49 0 0
49 1 0
49 2 0
49 3 0
49 4 1
50 0 0
50 1 0
50 2 0
50 3 0
50 4 0
51 0 0
51 1 0
51 2 0
51 3 0
51 4 0
52 0 0
52 1 0
52 2 0
52 3 0
52 4 0
53 0 0
53 1 0
53 2 0
53 3 0
53 4 0
54 0 0
54 1 0
54 2 0
54 3 0
54 4 0
55 0 0
55 1 1
55 2 1
55 3 0
55 4 0
56 0 0
56 1 1
56 2 1
56 3 0
56 4 0
57 0 0
57 1 0
57 2 1
57 3 0
57 4 0
58 0 0
58 1 0
58 2 0
58 3 0
58 4 0
59 0 0
59 1 0
59 2 0
59 3 0
59 4 0
60 0 0
60 1 0
60 2 0
60 3 0
60 4 0
61 0 0
61 1 0
61 2 0
61 3 0
61 4 0
62 0 0
62 1 0
62 2 0
62 3 0
62 4 0
63 0 0
63 1 0
63 2 0
63 3 0
63 4 0
64 0 0
64 1 0
64 2 0
64 3 0
64 4 0
65 0 0
65 1 0
65 2 0
65 3 0
65 4 0
66 0 0
66 1 0
66 2 0
66 3 0
66 4 1
67 0 0
67 1 0
67 2 0
67 3 0
67 4 1
68 0 0
68 1 0
68 2 0
68 3 0
68 4 0
69 0 0
69 1 0
69 2 0
69 3 0
69 4 1
70 0 1
70 1 0
70 2 0
70 3 0
70 4 0
71 0 1
71 1 0
71 2 0
71 3 0
71 4 0
72 0 0
72 1 0
72 2 0
72 3 0
72 4 0
73 0 0
73 1 0
73 2 0
73 3 0
73 4 0
74 0 0
74 1 0
74 2 0
74 3 0
74 4 0
75 0 0
75 1 0
75 2 0
75 3 0
75 4 0
76 0 0
76 1 0
76 2 0
76 3 0
76 4 0
77 0 0
77 1 0
77 2 0
77 3 0
77 4 0
78 0 0
78 1 0
78 2 0
78 3 0
78 4 0
79 0 0
79 1 0
79 2 0
79 3 0
79 4 0
80 0 0
80 1 0
80 2 0
80 3 0
80 4 0
81 0 0
81 1 0
81 2 0
81 3 0
81 4 0
82 0 0
82 1 0
82 2 0
82 3 0
82 4 0
83 0 0
83 1 0
83 2 0
83 3 0
83 4 0
84 0 0
84 1 0
84 2 0
84 3 0
84 4 0
85 0 1
85 1 0
85 2 0
85 3 0
85 4 1
86 0 0
86 1 0
86 2 0
86 3 0
86 4 0
87 0 0
87 1 0
87 2 0
87 3 0
87 4 0
88 0 0
88 1 0
88 2 0
88 3 0
88 4 0
89 0 0
89 1 0
89 2 0
89 3 0
89 4 0
90 0 0
90 1 0
90 2 0
90 3 0
90 4 0
91 0 1
91 1 0
91 2 0
91 3 0
91 4 0
92 0 1
92 1 0
92 2 0
92 3 0
92 4 0
93 0 1
93 1 1
93 2 1
93 3 1
93 4 1
94 0 0
94 1 0
94 2 0
94 3 0
94 4 0
95 0 0
95 1 0
95 2 0
95 3 0
95 4 0
96 0 1
96 1 1
96 2 1
96 3 0
96 4 1
97 0 1
97 1 1
97 2 0
97 3 0
97 4 0
98 0 0
98 1 1
98 2 0
98 3 0
98 4 1
99 0 1
99 1 1
99 2 1
99 3 1
99 4 1
100 0 1
100 1 1
100 2 1
100 3 1
100 4 1
101 0 1
101 1 1
101 2 1
101 3 1
101 4 1
102 0 0
102 1 0
102 2 0
102 3 1
102 4 0
103 0 0
103 1 0
103 2 0
103 3 1
103 4 0
104 0 0
104 1 0
104 2 0
104 3 1
104 4 0
105 0 0
105 1 0
105 2 0
105 3 1
105 4 0
106 0 0
106 1 0
106 2 0
106 3 1
106 4 0
107 0 0
107 1 1
107 2 0
107 3 0
107 4 0
108 0 0
108 1 1
108 2 0
108 3 0
108 4 0
109 0 0
109 1 0
109 2 0
109 3 0
109 4 0
110 0 0
110 1 0
110 2 0
110 3 0
110 4 0
111 0 0
111 1 0
111 2 0
111 3 0
111 4 0
112 0 0
112 1 0
112 2 0
112 3 0
112 4 0
113 0 0
113 1 0
113 2 0
113 3 0
113 4 0
114 0 0
114 1 0
114 2 0
114 3 0
114 4 0
115 0 0
115 1 0
115 2 0
115 3 0
115 4 0
116 0 0
116 1 0
116 2 0
116 3 0
116 4 0
117 0 0
117 1 0
117 2 0
117 3 0
117 4 0
118 0 0
118 1 0
118 2 0
118 3 0
118 4 0
119 0 0
119 1 0
119 2 0
119 3 0
119 4 0
120 0 0
120 1 0
120 2 0
120 3 0
120 4 0
121 0 0
121 1 0
121 2 0
121 3 0
121 4 0
122 0 0
122 1 0
122 2 0
122 3 0
122 4 0
123 0 0
123 1 0
123 2 0
123 3 0
123 4 0
124 0 0
124 1 0
124 2 0
124 3 0
124 4 0
125 0 0
125 1 0
125 2 0
125 3 0
125 4 1
126 0 0
126 1 0
126 2 0
126 3 0
126 4 0
127 0 0
127 1 0
127 2 0
127 3 0
127 4 0
128 0 0
128 1 0
128 2 0
128 3 0
128 4 0
129 0 0
129 1 0
129 2 0
129 3 0
129 4 0
130 0 0
130 1 0
130 2 0
130 3 0
130 4 0
131 0 0
131 1 0
131 2 0
131 3 0
131 4 0
132 0 0
132 1 0
132 2 0
132 3 0
132 4 0
133 0 0
133 1 0
133 2 0
133 3 0
133 4 0
134 0 0
134 1 0
134 2 0
134 3 0
134 4 0
135 0 0
135 1 0
135 2 0
135 3 0
135 4 0
136 0 0
136 1 0
136 2 0
136 3 0
136 4 0
137 0 0
137 1 0
137 2 0
137 3 0
137 4 0
138 0 0
138 1 0
138 2 0
138 3 0
138 4 0
139 0 0
139 1 0
139 2 0
139 3 0
139 4 0
140 0 0
140 1 0
140 2 0
140 3 0
140 4 0
141 0 0
141 1 0
141 2 0
141 3 0
141 4 0
142 0 0
142 1 0
142 2 0
142 3 0
142 4 0
143 0 0
143 1 0
143 2 0
143 3 0
143 4 0
144 0 0
144 1 0
144 2 0
144 3 0
144 4 0
145 0 0
145 1 0
145 2 0
145 3 0
145 4 0
146 0 0
146 1 0
146 2 0
146 3 0
146 4 0
147 0 0
147 1 0
147 2 0
147 3 0
147 4 0
148 0 0
148 1 0
148 2 0
148 3 0
148 4 0
149 0 0
149 1 0
149 2 0
149 3 0
149 4 0
150 0 0
150 1 0
150 2 0
150 3 0
150 4 0
151 0 0
151 1 0
151 2 0
151 3 0
151 4 0
152 0 0
152 1 0
152 2 0
152 3 0
152 4 0
153 0 0
153 1 0
153 2 0
153 3 0
153 4 0
154 0 0
154 1 0
154 2 0
154 3 0
154 4 0
155 0 0
155 1 0
155 2 0
155 3 0
155 4 0
156 0 0
156 1 0
156 2 0
156 3 0
156 4 0
157 0 0
157 1 0
157 2 0
157 3 0
157 4 0
158 0 0
158 1 0
158 2 0
158 3 0
158 4 0
159 0 0
159 1 0
159 2 0
159 3 0
159 4 0
160 0 0
160 1 0
160 2 0
160 3 0
160 4 0
161 0 0
161 1 0
161 2 0
161 3 0
161 4 0
162 0 0
162 1 0
162 2 0
162 3 0
162 4 0
163 0 0
163 1 0
163 2 0
163 3 0
163 4 0
164 0 0
164 1 0
164 2 0
164 3 0
164 4 0
165 0 0
165 1 0
165 2 0
165 3 0
165 4 0
166 0 0
166 1 0
166 2 0
166 3 0
166 4 0
167 0 0
167 1 0
167 2 0
167 3 0
167 4 0
168 0 0
168 1 0
168 2 0
168 3 0
168 4 0
169 0 0
169 1 0
169 2 0
169 3 0
169 4 0
170 0 0
170 1 0
170 2 0
170 3 0
170 4 0
171 0 0
171 1 0
171 2 0
171 3 0
171 4 0
172 0 0
172 1 0
172 2 0
172 3 0
172 4 0
173 0 0
173 1 0
173 2 0
173 3 0
173 4 0
174 0 0
174 1 0
174 2 0
174 3 0
174 4 0
175 0 0
175 1 0
175 2 0
175 3 0
175 4 0
176 0 0
176 1 0
176 2 0
176 3 0
176 4 0
177 0 0
177 1 0
177 2 0
177 3 0
177 4 0
178 0 0
178 1 0
178 2 0
178 3 0
178 4 0
179 0 0
179 1 0
179 2 0
179 3 0
179 4 0
180 0 0
180 1 0
180 2 0
180 3 0
180 4 0
181 0 0
181 1 0
181 2 0
181 3 0
181 4 0
182 0 0
182 1 0
182 2 0
182 3 0
182 4 0
183 0 0
183 1 0
183 2 0
183 3 0
183 4 0
184 0 0
184 1 0
184 2 0
184 3 0
184 4 0
185 0 0
185 1 0
185 2 0
185 3 0
185 4 0
186 0 0
186 1 0
186 2 0
186 3 0
186 4 0
187 0 0
187 1 0
187 2 0
187 3 0
187 4 0
188 0 0
188 1 0
188 2 0
188 3 0
188 4 0
189 0 0
189 1 0
189 2 0
189 3 0
189 4 0
190 0 0
190 1 0
190 2 0
190 3 0
190 4 0
191 0 0
191 1 0
191 2 0
191 3 0
191 4 0
192 0 0
192 1 0
192 2 0
192 3 0
192 4 0
193 0 0
193 1 0
193 2 0
193 3 0
193 4 0
194 0 0
194 1 0
194 2 0
194 3 0
194 4 0
195 0 0
195 1 0
195 2 0
195 3 0
195 4 0
196 0 0
196 1 0
196 2 0
196 3 0
196 4 0
197 0 0
197 1 0
197 2 0
197 3 0
197 4 0
198 0 0
198 1 0
198 2 0
198 3 0
198 4 0
199 0 0
199 1 0
199 2 0
199 3 0
199 4 0
200 0 0
200 1 0
200 2 0
200 3 0
200 4 0
201 0 0
201 1 0
201 2 0
201 3 0
201 4 0
202 0 0
202 1 0
202 2 0
202 3 0
202 4 0
203 0 0
203 1 0
203 2 0
203 3 0
203 4 0
204 0 0
204 1 0
204 2 0
204 3 0
204 4 0
205 0 0
205 1 0
205 2 0
205 3 0
205 4 0
206 0 0
206 1 0
206 2 0
206 3 0
206 4 0
207 0 0
207 1 0
207 2 0
207 3 0
207 4 0
208 0 0
208 1 0
208 2 0
208 3 0
208 4 0
209 0 0
209 1 0
209 2 0
209 3 0
209 4 0
210 0 0
210 1 0
210 2 0
210 3 0
210 4 0
211 0 0
211 1 0
211 2 0
211 3 0
211 4 0
212 0 0
212 1 0
212 2 0
212 3 0
212 4 0
213 0 0
213 1 0
213 2 0
213 3 0
213 4 0
214 0 0
214 1 0
214 2 0
214 3 0
214 4 0
215 0 0
215 1 0
215 2 0
215 3 0
215 4 0
216 0 0
216 1 0
216 2 0
216 3 0
216 4 0
217 0 0
217 1 0
217 2 0
217 3 0
217 4 0
218 0 0
218 1 0
218 2 0
218 3 0
218 4 0
219 0 0
219 1 0
219 2 0
219 3 0
219 4 0
220 0 0
220 1 0
220 2 0
220 3 0
220 4 0
221 0 0
221 1 0
221 2 0
221 3 0
221 4 0
222 0 0
222 1 0
222 2 0
222 3 1
222 4 0
223 0 0
223 1 0
223 2 1
223 3 1
223 4 0
224 0 0
224 1 0
224 2 0
224 3 0
224 4 0
225 0 0
225 1 0
225 2 0
225 3 0
225 4 0
226 0 0
226 1 0
226 2 0
226 3 0
226 4 0
227 0 0
227 1 0
227 2 0
227 3 0
227 4 0
228 0 0
228 1 0
228 2 0
228 3 0
228 4 0
229 0 0
229 1 0
229 2 0
229 3 0
229 4 0
230 0 0
230 1 0
230 2 0
230 3 0
230 4 0
231 0 0
231 1 0
231 2 0
231 3 0
231 4 0
232 0 0
232 1 0
232 2 0
232 3 1
232 4 0
233 0 0
233 1 0
233 2 0
233 3 1
233 4 0
234 0 0
234 1 0
234 2 0
234 3 1
234 4 0
235 0 0
235 1 0
235 2 0
235 3 0
235 4 0
236 0 0
236 1 0
236 2 0
236 3 0
236 4 0
237 0 0
237 1 0
237 2 0
237 3 0
237 4 0
238 0 0
238 1 0
238 2 0
238 3 0
238 4 0
239 0 0
239 1 0
239 2 0
239 3 0
239 4 0
240 0 0
240 1 0
240 2 0
240 3 0
240 4 0
241 0 0
241 1 0
241 2 0
241 3 0
241 4 0
242 0 0
242 1 0
242 2 0
242 3 0
242 4 0
243 0 0
243 1 0
243 2 0
243 3 0
243 4 0
244 0 0
244 1 0
244 2 0
244 3 1
244 4 0
245 0 0
245 1 0
245 2 0
245 3 1
245 4 0
246 0 0
246 1 0
246 2 0
246 3 1
246 4 0
247 0 0
247 1 0
247 2 0
247 3 1
247 4 0
248 0 0
248 1 0
248 2 0
248 3 1
248 4 0
249 0 0
249 1 0
249 2 0
249 3 1
249 4 0
250 0 0
250 1 0
250 2 0
250 3 0
250 4 0
251 0 1
251 1 1
251 2 1
251 3 1
251 4 1
252 0 1
252 1 1
252 2 1
252 3 1
252 4 1
253 0 0
253 1 0
253 2 0
253 3 0
253 4 0
254 0 0
254 1 0
254 2 0
254 3 0
254 4 0
255 0 0
255 1 0
255 2 0
255 3 0
255 4 0
256 0 0
256 1 0
256 2 0
256 3 0
256 4 0
257 0 0
257 1 0
257 2 0
257 3 0
257 4 0
258 0 0
258 1 0
258 2 0
258 3 0
258 4 0
259 0 0
259 1 0
259 2 0
259 3 0
259 4 0
260 0 0
260 1 0
260 2 0
260 3 0
260 4 0
261 0 0
261 1 0
261 2 0
261 3 0
261 4 0
262 0 0
262 1 0
262 2 0
262 3 0
262 4 0
263 0 0
263 1 0
263 2 0
263 3 0
263 4 0
264 0 0
264 1 0
264 2 0
264 3 0
264 4 0
265 0 0
265 1 0
265 2 0
265 3 0
265 4 0
266 0 0
266 1 0
266 2 0
266 3 0
266 4 0
267 0 0
267 1 0
267 2 0
267 3 1
267 4 0
268 0 0
268 1 0
268 2 0
268 3 1
268 4 0
269 0 0
269 1 0
269 2 0
269 3 1
269 4 0
270 0 0
270 1 0
270 2 0
270 3 1
270 4 0
271 0 0
271 1 0
271 2 0
271 3 1
271 4 0
272 0 0
272 1 0
272 2 0
272 3 0
272 4 0
273 0 0
273 1 0
273 2 0
273 3 0
273 4 0
274 0 0
274 1 0
274 2 0
274 3 0
274 4 0
275 0 0
275 1 0
275 2 0
275 3 0
275 4 0
276 0 0
276 1 0
276 2 0
276 3 0
276 4 0
277 0 0
277 1 0
277 2 0
277 3 0
277 4 0
278 0 0
278 1 0
278 2 0
278 3 0
278 4 0
279 0 0
279 1 0
279 2 0
279 3 0
279 4 0
280 0 0
280 1 0
280 2 0
280 3 0
280 4 0
281 0 0
281 1 0
281 2 0
281 3 0
281 4 0
282 0 0
282 1 0
282 2 0
282 3 0
282 4 0
283 0 0
283 1 0
283 2 0
283 3 0
283 4 0
284 0 0
284 1 0
284 2 0
284 3 0
284 4 0
285 0 0
285 1 0
285 2 0
285 3 0
285 4 0
286 0 0
286 1 0
286 2 0
286 3 0
286 4 0
287 0 0
287 1 0
287 2 0
287 3 1
287 4 1
288 0 0
288 1 0
288 2 0
288 3 1
288 4 1
289 0 0
289 1 0
289 2 0
289 3 0
289 4 0
290 0 0
290 1 0
290 2 0
290 3 1
290 4 0
291 0 0
291 1 0
291 2 0
291 3 0
291 4 0
292 0 0
292 1 0
292 2 0
292 3 0
292 4 0
293 0 0
293 1 0
293 2 0
293 3 0
293 4 0
294 0 0
294 1 0
294 2 0
294 3 0
294 4 0
295 0 0
295 1 0
295 2 0
295 3 0
295 4 0
296 0 0
296 1 0
296 2 0
296 3 0
296 4 0
297 0 0
297 1 0
297 2 0
297 3 0
297 4 0
298 0 0
298 1 0
298 2 0
298 3 0
298 4 0
299 0 0
299 1 0
299 2 0
299 3 0
299 4 0
300 0 0
300 1 0
300 2 0
300 3 0
300 4 0
301 0 0
301 1 0
301 2 0
301 3 0
301 4 0
302 0 0
302 1 0
302 2 0
302 3 0
302 4 0
303 0 0
303 1 0
303 2 0
303 3 0
303 4 0
304 0 0
304 1 1
304 2 0
304 3 0
304 4 0
305 0 0
305 1 1
305 2 1
305 3 0
305 4 0
306 0 0
306 1 0
306 2 0
306 3 0
306 4 0
307 0 0
307 1 0
307 2 0
307 3 0
307 4 0
308 0 0
308 1 0
308 2 0
308 3 0
308 4 0
309 0 0
309 1 0
309 2 0
309 3 0
309 4 0
310 0 0
310 1 0
310 2 0
310 3 0
310 4 0
311 0 0
311 1 0
311 2 0
311 3 0
311 4 0
312 0 0
312 1 0
312 2 1
312 3 0
312 4 0
313 0 0
313 1 0
313 2 0
313 3 0
313 4 0
314 0 0
314 1 0
314 2 0
314 3 0
314 4 0
315 0 0
315 1 0
315 2 0
315 3 0
315 4 0
316 0 0
316 1 0
316 2 0
316 3 0
316 4 0
317 0 0
317 1 0
317 2 0
317 3 0
317 4 0
318 0 0
318 1 1
318 2 0
318 3 1
318 4 0
319 0 0
319 1 1
319 2 0
319 3 1
319 4 0
320 0 0
320 1 0
320 2 0
320 3 1
320 4 0
321 0 0
321 1 0
321 2 0
321 3 1
321 4 0
322 0 0
322 1 1
322 2 1
322 3 1
322 4 0
323 0 0
323 1 1
323 2 0
323 3 1
323 4 0
324 0 0
324 1 1
324 2 0
324 3 1
324 4 0
325 0 0
325 1 1
325 2 0
325 3 1
325 4 0
326 0 0
326 1 0
326 2 1
326 3 0
326 4 0
327 0 0
327 1 0
327 2 1
327 3 0
327 4 0
328 0 0
328 1 0
328 2 0
328 3 1
328 4 0
329 0 0
329 1 0
329 2 0
329 3 1
329 4 0
330 0 0
330 1 0
330 2 0
330 3 1
330 4 0
331 0 0
331 1 0
331 2 0
331 3 1
331 4 0
332 0 0
332 1 0
332 2 0
332 3 0
332 4 0
333 0 0
333 1 0
333 2 0
333 3 0
333 4 0
334 0 0
334 1 0
334 2 0
334 3 0
334 4 0
335 0 0
335 1 0
335 2 0
335 3 0
335 4 0
336 0 0
336 1 0
336 2 0
336 3 0
336 4 0
337 0 0
337 1 0
337 2 0
337 3 0
337 4 0
338 0 0
338 1 0
338 2 0
338 3 0
338 4 0
339 0 0
339 1 0
339 2 0
339 3 0
339 4 0
340 0 0
340 1 0
340 2 0
340 3 0
340 4 0
341 0 0
341 1 0
341 2 0
341 3 0
341 4 0
342 0 0
342 1 0
342 2 0
342 3 0
342 4 0
343 0 0
343 1 0
343 2 0
343 3 0
343 4 0
344 0 0
344 1 0
344 2 0
344 3 0
344 4 0
345 0 0
345 1 0
345 2 0
345 3 0
345 4 0
346 0 0
346 1 0
346 2 0
346 3 0
346 4 0
347 0 0
347 1 0
347 2 0
347 3 0
347 4 0
348 0 0
348 1 0
348 2 0
348 3 0
348 4 0
349 0 0
349 1 0
349 2 0
349 3 0
349 4 0
350 0 0
350 1 0
350 2 0
350 3 0
350 4 0
351 0 0
351 1 0
351 2 0
351 3 0
351 4 0
352 0 0
352 1 0
352 2 0
352 3 0
352 4 0
353 0 0
353 1 0
353 2 1
353 3 0
353 4 0
354 0 0
354 1 0
354 2 1
354 3 0
354 4 0
355 0 0
355 1 0
355 2 1
355 3 0
355 4 1
356 0 0
356 1 0
356 2 1
356 3 0
356 4 1
357 0 0
357 1 0
357 2 1
357 3 0
357 4 1
358 0 0
358 1 0
358 2 0
358 3 0
358 4 0
359 0 0
359 1 0
359 2 0
359 3 0
359 4 0
360 0 0
360 1 0
360 2 0
360 3 0
360 4 0
361 0 0
361 1 0
361 2 0
361 3 0
361 4 0
362 0 0
362 1 0
362 2 0
362 3 0
362 4 0
363 0 0
363 1 0
363 2 0
363 3 0
363 4 0
364 0 0
364 1 0
364 2 0
364 3 0
364 4 0
365 0 0
365 1 0
365 2 0
365 3 0
365 4 0
366 0 0
366 1 0
366 2 0
366 3 0
366 4 0
367 0 0
367 1 0
367 2 0
367 3 0
367 4 0
368 0 0
368 1 0
368 2 0
368 3 0
368 4 0
369 0 0
369 1 0
369 2 0
369 3 0
369 4 0
370 0 0
370 1 0
370 2 0
370 3 0
370 4 0
371 0 0
371 1 0
371 2 0
371 3 0
371 4 0
372 0 0
372 1 0
372 2 0
372 3 0
372 4 0
373 0 0
373 1 0
373 2 0
373 3 0
373 4 0
374 0 0
374 1 0
374 2 0
374 3 0
374 4 0
375 0 0
375 1 0
375 2 0
375 3 0
375 4 0
376 0 0
376 1 0
376 2 0
376 3 0
376 4 0
377 0 0
377 1 0
377 2 0
377 3 0
377 4 0
378 0 0
378 1 0
378 2 0
378 3 0
378 4 0
379 0 0
379 1 0
379 2 0
379 3 0
379 4 0
380 0 0
380 1 0
380 2 0
380 3 0
380 4 0
381 0 0
381 1 0
381 2 0
381 3 0
381 4 0
382 0 0
382 1 0
382 2 0
382 3 0
382 4 0
383 0 0
383 1 0
383 2 0
383 3 0
383 4 0
384 0 0
384 1 0
384 2 0
384 3 0
384 4 0
385 0 0
385 1 0
385 2 0
385 3 0
385 4 0
386 0 0
386 1 0
386 2 0
386 3 0
386 4 0
387 0 0
387 1 0
387 2 0
387 3 0
387 4 0
388 0 0
388 1 0
388 2 0
388 3 0
388 4 0
389 0 0
389 1 0
389 2 0
389 3 0
389 4 0
390 0 0
390 1 0
390 2 0
390 3 0
390 4 0
391 0 0
391 1 0
391 2 0
391 3 0
391 4 0
392 0 0
392 1 0
392 2 0
392 3 0
392 4 0
393 0 0
393 1 0
393 2 0
393 3 0
393 4 0
394 0 1
394 1 0
394 2 0
394 3 0
394 4 1
395 0 1
395 1 0
395 2 0
395 3 0
395 4 1
396 0 0
396 1 0
396 2 0
396 3 0
396 4 0
397 0 0
397 1 0
397 2 0
397 3 0
397 4 0
398 0 0
398 1 0
398 2 0
398 3 0
398 4 0
399 0 0
399 1 0
399 2 0
399 3 0
399 4 0
400 0 0
400 1 0
400 2 0
400 3 0
400 4 0
401 0 0
401 1 0
401 2 0
401 3 0
401 4 0
402 0 0
402 1 0
402 2 0
402 3 0
402 4 0
403 0 0
403 1 0
403 2 0
403 3 0
403 4 1
404 0 0
404 1 0
404 2 0
404 3 0
404 4 1
405 0 0
405 1 0
405 2 0
405 3 0
405 4 1
406 0 0
406 1 0
406 2 0
406 3 1
406 4 0
407 0 0
407 1 0
407 2 0
407 3 1
407 4 0
408 0 0
408 1 0
408 2 0
408 3 1
408 4 0
409 0 0
409 1 0
409 2 0
409 3 1
409 4 0
410 0 0
410 1 0
410 2 0
410 3 1
410 4 0
411 0 0
411 1 0
411 2 0
411 3 0
411 4 0
412 0 0
412 1 0
412 2 0
412 3 0
412 4 0
413 0 0
413 1 0
413 2 0
413 3 0
413 4 0
414 0 0
414 1 0
414 2 0
414 3 0
414 4 0
415 0 0
415 1 0
415 2 0
415 3 1
415 4 0
416 0 0
416 1 0
416 2 0
416 3 1
416 4 0
417 0 0
417 1 0
417 2 0
417 3 0
417 4 0
418 0 0
418 1 0
418 2 0
418 3 0
418 4 0
419 0 0
419 1 0
419 2 0
419 3 1
419 4 1
420 0 0
420 1 0
420 2 0
420 3 0
420 4 0
421 0 0
421 1 0
421 2 0
421 3 0
421 4 0
422 0 0
422 1 0
422 2 0
422 3 0
422 4 0
423 0 0
423 1 0
423 2 0
423 3 0
423 4 0
424 0 1
424 1 1
424 2 1
424 3 0
424 4 1
425 0 1
425 1 1
425 2 1
425 3 1
425 4 1
426 0 1
426 1 1
426 2 1
426 3 1
426 4 1
427 0 1
427 1 1
427 2 1
427 3 1
427 4 1
428 0 0
428 1 0
428 2 0
428 3 0
428 4 0
429 0 0
429 1 0
429 2 0
429 3 0
429 4 0
430 0 0
430 1 0
430 2 0
430 3 1
430 4 0
431 0 0
431 1 0
431 2 0
431 3 1
431 4 0
432 0 0
432 1 0
432 2 0
432 3 1
432 4 0
433 0 0
433 1 0
433 2 0
433 3 1
433 4 0
434 0 0
434 1 0
434 2 0
434 3 1
434 4 0
435 0 0
435 1 0
435 2 0
435 3 0
435 4 0
436 0 0
436 1 0
436 2 0
436 3 1
436 4 0
437 0 0
437 1 0
437 2 0
437 3 1
437 4 0
438 0 0
438 1 0
438 2 0
438 3 1
438 4 0
439 0 0
439 1 0
439 2 0
439 3 1
439 4 0
440 0 0
440 1 0
440 2 0
440 3 1
440 4 0
441 0 0
441 1 0
441 2 0
441 3 1
441 4 0
442 0 0
442 1 0
442 2 0
442 3 1
442 4 0
443 0 0
443 1 0
443 2 0
443 3 1
443 4 0
444 0 0
444 1 0
444 2 0
444 3 1
444 4 0
445 0 0
445 1 0
445 2 0
445 3 0
445 4 0
446 0 0
446 1 0
446 2 0
446 3 0
446 4 0
447 0 0
447 1 1
447 2 0
447 3 1
447 4 0
448 0 0
448 1 1
448 2 0
448 3 0
448 4 0
449 0 0
449 1 1
449 2 0
449 3 0
449 4 0
450 0 1
450 1 1
450 2 1
450 3 0
450 4 0
451 0 1
451 1 1
451 2 1
451 3 0
451 4 0
452 0 0
452 1 0
452 2 0
452 3 0
452 4 0
453 0 0
453 1 0
453 2 0
453 3 0
453 4 0
454 0 0
454 1 0
454 2 0
454 3 0
454 4 0
455 0 0
455 1 0
455 2 0
455 3 0
455 4 0
456 0 0
456 1 0
456 2 0
456 3 0
456 4 0
457 0 0
457 1 0
457 2 0
457 3 0
457 4 0
458 0 0
458 1 0
458 2 0
458 3 0
458 4 0
459 0 0
459 1 0
459 2 0
459 3 0
459 4 0
460 0 0
460 1 0
460 2 0
460 3 0
460 4 0
461 0 0
461 1 0
461 2 0
461 3 0
461 4 0
462 0 0
462 1 0
462 2 0
462 3 0
462 4 0
463 0 0
463 1 0
463 2 0
463 3 0
463 4 0
464 0 0
464 1 0
464 2 0
464 3 0
464 4 0
465 0 0
465 1 0
465 2 0
465 3 0
465 4 0
466 0 0
466 1 0
466 2 0
466 3 0
466 4 0
467 0 0
467 1 0
467 2 0
467 3 0
467 4 0
468 0 0
468 1 0
468 2 0
468 3 0
468 4 0
469 0 0
469 1 0
469 2 0
469 3 0
469 4 0
470 0 0
470 1 0
470 2 0
470 3 0
470 4 0
471 0 1
471 1 0
471 2 1
471 3 0
471 4 0
472 0 1
472 1 0
472 2 1
472 3 1
472 4 0
473 0 0
473 1 0
473 2 0
473 3 0
473 4 0
474 0 0
474 1 0
474 2 0
474 3 0
474 4 0
475 0 0
475 1 0
475 2 0
475 3 0
475 4 0
476 0 0
476 1 1
476 2 1
476 3 0
476 4 0
477 0 1
477 1 1
477 2 1
477 3 0
477 4 1
478 0 0
478 1 0
478 2 0
478 3 0
478 4 0
479 0 0
479 1 0
479 2 1
479 3 0
479 4 1
480 0 0
480 1 0
480 2 1
480 3 0
480 4 1
481 0 0
481 1 0
481 2 1
481 3 0
481 4 1
482 0 0
482 1 0
482 2 0
482 3 0
482 4 1
483 0 0
483 1 0
483 2 0
483 3 0
483 4 1
484 0 0
484 1 0
484 2 0
484 3 0
484 4 0
485 0 0
485 1 0
485 2 0
485 3 0
485 4 0
486 0 0
486 1 0
486 2 0
486 3 0
486 4 0
487 0 0
487 1 0
487 2 0
487 3 1
487 4 0
488 0 0
488 1 0
488 2 0
488 3 1
488 4 0
489 0 0
489 1 0
489 2 0
489 3 0
489 4 0
490 0 0
490 1 0
490 2 0
490 3 0
490 4 0
491 0 0
491 1 0
491 2 0
491 3 0
491 4 0
492 0 0
492 1 0
492 2 0
492 3 0
492 4 0
493 0 1
493 1 0
493 2 1
493 3 1
493 4 1
494 0 0
494 1 0
494 2 0
494 3 0
494 4 0
495 0 0
495 1 0
495 2 0
495 3 0
495 4 0
496 0 0
496 1 0
496 2 0
496 3 0
496 4 0
497 0 0
497 1 0
497 2 0
497 3 0
497 4 0
498 0 0
498 1 0
498 2 0
498 3 0
498 4 0
499 0 0
499 1 1
499 2 0
499 3 0
499 4 1
500 0 0
500 1 1
500 2 0
500 3 0
500 4 1
501 0 0
501 1 0
501 2 0
501 3 0
501 4 0
502 0 0
502 1 0
502 2 0
502 3 0
502 4 0
503 0 0
503 1 0
503 2 0
503 3 0
503 4 0
504 0 0
504 1 0
504 2 0
504 3 0
504 4 0
505 0 0
505 1 0
505 2 0
505 3 0
505 4 0
506 0 0
506 1 0
506 2 0
506 3 0
506 4 0
507 0 0
507 1 0
507 2 0
507 3 0
507 4 0
508 0 0
508 1 0
508 2 0
508 3 0
508 4 0
509 0 0
509 1 0
509 2 0
509 3 0
509 4 0
510 0 0
510 1 0
510 2 0
510 3 0
510 4 0
511 0 0
511 1 0
511 2 0
511 3 0
511 4 0
512 0 0
512 1 0
512 2 0
512 3 0
512 4 0
513 0 0
513 1 0
513 2 0
513 3 0
513 4 0
514 0 0
514 1 0
514 2 0
514 3 0
514 4 0
515 0 0
515 1 0
515 2 0
515 3 0
515 4 0
516 0 0
516 1 0
516 2 0
516 3 0
516 4 0
517 0 0
517 1 0
517 2 0
517 3 0
517 4 0
518 0 0
518 1 0
518 2 0
518 3 0
518 4 0
519 0 0
519 1 0
519 2 0
519 3 0
519 4 0
520 0 0
520 1 0
520 2 0
520 3 0
520 4 0
521 0 0
521 1 0
521 2 0
521 3 0
521 4 0
522 0 0
522 1 0
522 2 0
522 3 0
522 4 0
523 0 0
523 1 0
523 2 0
523 3 0
523 4 0
524 0 0
524 1 0
524 2 0
524 3 0
524 4 0
525 0 0
525 1 0
525 2 0
525 3 0
525 4 0
526 0 0
526 1 0
526 2 0
526 3 0
526 4 0
527 0 0
527 1 0
527 2 0
527 3 0
527 4 0
528 0 0
528 1 0
528 2 0
528 3 0
528 4 0
529 0 0
529 1 0
529 2 0
529 3 0
529 4 0
530 0 0
530 1 0
530 2 0
530 3 0
530 4 0
531 0 0
531 1 0
531 2 0
531 3 0
531 4 0
532 0 0
532 1 0
532 2 0
532 3 0
532 4 0
533 0 0
533 1 0
533 2 0
533 3 0
533 4 0
534 0 0
534 1 0
534 2 0
534 3 0
534 4 0
535 0 0
535 1 0
535 2 0
535 3 0
535 4 0
536 0 0
536 1 0
536 2 0
536 3 0
536 4 0
537 0 0
537 1 0
537 2 0
537 3 0
537 4 0
538 0 0
538 1 0
538 2 0
538 3 0
538 4 0
539 0 0
539 1 0
539 2 0
539 3 0
539 4 0
540 0 0
540 1 0
540 2 0
540 3 0
540 4 0
541 0 0
541 1 0
541 2 0
541 3 0
541 4 0
542 0 0
542 1 0
542 2 0
542 3 0
542 4 0
543 0 0
543 1 0
543 2 0
543 3 0
543 4 0
544 0 0
544 1 0
544 2 0
544 3 0
544 4 0
545 0 0
545 1 0
545 2 0
545 3 0
545 4 0
546 0 0
546 1 0
546 2 0
546 3 0
546 4 0
547 0 0
547 1 0
547 2 0
547 3 0
547 4 0
548 0 0
548 1 0
548 2 0
548 3 0
548 4 0
549 0 0
549 1 0
549 2 0
549 3 0
549 4 0
550 0 0
550 1 0
550 2 0
550 3 0
550 4 0
551 0 0
551 1 0
551 2 0
551 3 0
551 4 0
552 0 0
552 1 0
552 2 0
552 3 0
552 4 0
553 0 0
553 1 0
553 2 0
553 3 0
553 4 0
554 0 0
554 1 0
554 2 0
554 3 0
554 4 0
555 0 0
555 1 0
555 2 0
555 3 0
555 4 0
556 0 0
556 1 0
556 2 0
556 3 0
556 4 0
557 0 0
557 1 0
557 2 0
557 3 0
557 4 0
558 0 0
558 1 0
558 2 0
558 3 0
558 4 0
559 0 0
559 1 0
559 2 0
559 3 0
559 4 0
560 0 0
560 1 0
560 2 0
560 3 0
560 4 0
561 0 0
561 1 0
561 2 0
561 3 0
561 4 0
562 0 0
562 1 0
562 2 0
562 3 0
562 4 0
563 0 0
563 1 0
563 2 0
563 3 0
563 4 0
564 0 0
564 1 0
564 2 0
564 3 0
564 4 0
565 0 0
565 1 0
565 2 0
565 3 0
565 4 0
566 0 0
566 1 0
566 2 0
566 3 0
566 4 0
567 0 0
567 1 0
567 2 0
567 3 0
567 4 0
568 0 0
568 1 0
568 2 0
568 3 0
568 4 0
569 0 0
569 1 0
569 2 0
569 3 0
569 4 0
570 0 0
570 1 0
570 2 0
570 3 0
570 4 0
571 0 0
571 1 0
571 2 0
571 3 0
571 4 0
572 0 0
572 1 0
572 2 0
572 3 0
572 4 0
573 0 0
573 1 0
573 2 0
573 3 0
573 4 0
574 0 0
574 1 0
574 2 0
574 3 0
574 4 0
575 0 0
575 1 0
575 2 0
575 3 0
575 4 0
576 0 0
576 1 0
576 2 0
576 3 0
576 4 0
577 0 0
577 1 0
577 2 0
577 3 0
577 4 0
578 0 0
578 1 0
578 2 0
578 3 0
578 4 0
579 0 0
579 1 0
579 2 0
579 3 0
579 4 0
580 0 0
580 1 0
580 2 0
580 3 0
580 4 0
581 0 0
581 1 0
581 2 0
581 3 0
581 4 0
582 0 0
582 1 0
582 2 0
582 3 0
582 4 0
583 0 0
583 1 0
583 2 0
583 3 0
583 4 0
584 0 0
584 1 0
584 2 0
584 3 0
584 4 0
585 0 0
585 1 0
585 2 0
585 3 0
585 4 0
586 0 0
586 1 0
586 2 0
586 3 0
586 4 0
587 0 0
587 1 0
587 2 0
587 3 0
587 4 0
588 0 0
588 1 0
588 2 0
588 3 0
588 4 0
589 0 0
589 1 0
589 2 0
589 3 0
589 4 0
590 0 0
590 1 0
590 2 0
590 3 0
590 4 0
591 0 0
591 1 0
591 2 0
591 3 0
591 4 0
592 0 0
592 1 0
592 2 0
592 3 0
592 4 0
593 0 0
593 1 0
593 2 0
593 3 0
593 4 0
594 0 0
594 1 0
594 2 0
594 3 0
594 4 0
595 0 0
595 1 0
595 2 0
595 3 0
595 4 0
596 0 0
596 1 0
596 2 0
596 3 0
596 4 1
597 0 0
597 1 0
597 2 0
597 3 0
597 4 0
598 0 0
598 1 0
598 2 0
598 3 0
598 4 0
599 0 0
599 1 0
599 2 0
599 3 0
599 4 0
600 0 0
600 1 0
600 2 0
600 3 0
600 4 0
601 0 0
601 1 0
601 2 0
601 3 0
601 4 0
602 0 0
602 1 0
602 2 0
602 3 0
602 4 0
603 0 0
603 1 0
603 2 0
603 3 0
603 4 0
604 0 0
604 1 0
604 2 0
604 3 0
604 4 0
605 0 0
605 1 0
605 2 0
605 3 0
605 4 0
606 0 0
606 1 0
606 2 0
606 3 0
606 4 0
607 0 0
607 1 0
607 2 0
607 3 0
607 4 0
608 0 0
608 1 0
608 2 0
608 3 0
608 4 0
609 0 0
609 1 0
609 2 0
609 3 0
609 4 0
610 0 0
610 1 0
610 2 0
610 3 0
610 4 0
611 0 0
611 1 0
611 2 0
611 3 0
611 4 0
612 0 0
612 1 0
612 2 0
612 3 0
612 4 0
613 0 0
613 1 0
613 2 0
613 3 0
613 4 0
614 0 0
614 1 0
614 2 0
614 3 0
614 4 0
615 0 0
615 1 0
615 2 0
615 3 0
615 4 0
616 0 0
616 1 0
616 2 0
616 3 0
616 4 0
617 0 0
617 1 0
617 2 0
617 3 0
617 4 0
618 0 0
618 1 0
618 2 0
618 3 0
618 4 0
619 0 0
619 1 0
619 2 0
619 3 0
619 4 0
620 0 0
620 1 0
620 2 0
620 3 0
620 4 0
621 0 0
621 1 0
621 2 0
621 3 0
621 4 0
622 0 0
622 1 0
622 2 0
622 3 0
622 4 0
623 0 0
623 1 0
623 2 0
623 3 0
623 4 0
624 0 0
624 1 0
624 2 0
624 3 0
624 4 0
625 0 0
625 1 0
625 2 0
625 3 0
625 4 0
626 0 0
626 1 0
626 2 0
626 3 0
626 4 0
627 0 0
627 1 0
627 2 0
627 3 0
627 4 0
628 0 0
628 1 0
628 2 0
628 3 0
628 4 0
629 0 0
629 1 0
629 2 0
629 3 0
629 4 0
630 0 0
630 1 0
630 2 0
630 3 0
630 4 0
631 0 0
631 1 0
631 2 0
631 3 0
631 4 0
632 0 0
632 1 0
632 2 0
632 3 0
632 4 0
633 0 0
633 1 0
633 2 0
633 3 0
633 4 0
634 0 0
634 1 0
634 2 0
634 3 0
634 4 0
635 0 0
635 1 0
635 2 0
635 3 0
635 4 0
636 0 0
636 1 0
636 2 0
636 3 0
636 4 0
637 0 0
637 1 0
637 2 0
637 3 0
637 4 0
638 0 0
638 1 0
638 2 0
638 3 0
638 4 0
639 0 0
639 1 0
639 2 0
639 3 0
639 4 0
640 0 0
640 1 0
640 2 0
640 3 0
640 4 0
641 0 0
641 1 0
641 2 0
641 3 0
641 4 0
642 0 0
642 1 0
642 2 0
642 3 0
642 4 0
643 0 0
643 1 0
643 2 0
643 3 0
643 4 0
644 0 0
644 1 0
644 2 0
644 3 0
644 4 0
645 0 0
645 1 0
645 2 0
645 3 0
645 4 0
646 0 0
646 1 0
646 2 0
646 3 0
646 4 0
647 0 0
647 1 0
647 2 0
647 3 0
647 4 0
648 0 0
648 1 0
648 2 0
648 3 0
648 4 0
649 0 0
649 1 0
649 2 0
649 3 0
649 4 0
650 0 0
650 1 0
650 2 0
650 3 0
650 4 0
651 0 0
651 1 0
651 2 0
651 3 0
651 4 0
652 0 0
652 1 0
652 2 0
652 3 0
652 4 0
653 0 0
653 1 0
653 2 0
653 3 0
653 4 0
654 0 0
654 1 0
654 2 0
654 3 1
654 4 0
655 0 0
655 1 0
655 2 0
655 3 1
655 4 0
656 0 0
656 1 0
656 2 0
656 3 1
656 4 0
657 0 0
657 1 0
657 2 0
657 3 0
657 4 0
658 0 0
658 1 0
658 2 0
658 3 0
658 4 0
659 0 0
659 1 0
659 2 0
659 3 0
659 4 0
660 0 0
660 1 0
660 2 0
660 3 0
660 4 0
661 0 0
661 1 0
661 2 0
661 3 0
661 4 0
662 0 0
662 1 0
662 2 0
662 3 0
662 4 0
663 0 0
663 1 0
663 2 0
663 3 0
663 4 0
664 0 0
664 1 0
664 2 0
664 3 0
664 4 0
665 0 0
665 1 0
665 2 0
665 3 0
665 4 0
666 0 0
666 1 0
666 2 0
666 3 0
666 4 0
667 0 0
667 1 0
667 2 0
667 3 0
667 4 0
668 0 0
668 1 0
668 2 0
668 3 0
668 4 0
669 0 0
669 1 0
669 2 0
669 3 0
669 4 0
670 0 0
670 1 0
670 2 0
670 3 0
670 4 0
671 0 0
671 1 0
671 2 0
671 3 0
671 4 0
672 0 0
672 1 0
672 2 0
672 3 0
672 4 0
673 0 0
673 1 0
673 2 0
673 3 0
673 4 0
674 0 0
674 1 0
674 2 0
674 3 0
674 4 0
675 0 0
675 1 0
675 2 0
675 3 0
675 4 0
676 0 0
676 1 0
676 2 0
676 3 0
676 4 0
677 0 0
677 1 0
677 2 0
677 3 0
677 4 0
678 0 0
678 1 0
678 2 0
678 3 0
678 4 0
679 0 0
679 1 0
679 2 0
679 3 0
679 4 0
680 0 0
680 1 0
680 2 0
680 3 0
680 4 0
681 0 0
681 1 0
681 2 0
681 3 0
681 4 0
682 0 0
682 1 0
682 2 0
682 3 0
682 4 0
683 0 0
683 1 0
683 2 0
683 3 0
683 4 0
684 0 0
684 1 0
684 2 0
684 3 0
684 4 0
685 0 0
685 1 0
685 2 0
685 3 0
685 4 0
686 0 0
686 1 0
686 2 0
686 3 0
686 4 0
687 0 0
687 1 0
687 2 0
687 3 0
687 4 0
688 0 0
688 1 0
688 2 0
688 3 0
688 4 0
689 0 0
689 1 0
689 2 0
689 3 0
689 4 0
690 0 0
690 1 0
690 2 0
690 3 0
690 4 0
691 0 0
691 1 0
691 2 0
691 3 0
691 4 0
692 0 0
692 1 0
692 2 0
692 3 0
692 4 0
693 0 0
693 1 0
693 2 0
693 3 0
693 4 0
694 0 0
694 1 0
694 2 0
694 3 0
694 4 0
695 0 0
695 1 0
695 2 0
695 3 0
695 4 0
696 0 0
696 1 0
696 2 0
696 3 0
696 4 0
697 0 0
697 1 0
697 2 0
697 3 0
697 4 0
698 0 0
698 1 0
698 2 0
698 3 0
698 4 0
699 0 0
699 1 0
699 2 0
699 3 0
699 4 0
700 0 0
700 1 0
700 2 0
700 3 0
700 4 0
701 0 0
701 1 0
701 2 0
701 3 0
701 4 0
702 0 0
702 1 0
702 2 0
702 3 0
702 4 0
703 0 0
703 1 0
703 2 0
703 3 0
703 4 0
704 0 0
704 1 0
704 2 0
704 3 0
704 4 0
705 0 0
705 1 0
705 2 0
705 3 0
705 4 0
706 0 0
706 1 0
706 2 0
706 3 0
706 4 0
707 0 0
707 1 0
707 2 0
707 3 0
707 4 0
708 0 0
708 1 0
708 2 0
708 3 0
708 4 0
709 0 0
709 1 0
709 2 0
709 3 0
709 4 0
710 0 0
710 1 0
710 2 0
710 3 0
710 4 0
711 0 0
711 1 0
711 2 0
711 3 0
711 4 0
712 0 0
712 1 0
712 2 0
712 3 0
712 4 0
713 0 0
713 1 0
713 2 0
713 3 0
713 4 0
714 0 0
714 1 0
714 2 0
714 3 0
714 4 0
715 0 0
715 1 0
715 2 0
715 3 0
715 4 0
716 0 0
716 1 0
716 2 0
716 3 0
716 4 0
717 0 0
717 1 0
717 2 0
717 3 0
717 4 0
718 0 0
718 1 0
718 2 0
718 3 0
718 4 0
719 0 0
719 1 0
719 2 0
719 3 0
719 4 0
720 0 0
720 1 0
720 2 0
720 3 0
720 4 0
721 0 0
721 1 0
721 2 0
721 3 0
721 4 0
722 0 0
722 1 0
722 2 0
722 3 0
722 4 0
723 0 0
723 1 0
723 2 0
723 3 0
723 4 0
724 0 0
724 1 0
724 2 0
724 3 0
724 4 0
725 0 0
725 1 0
725 2 0
725 3 0
725 4 0
726 0 0
726 1 0
726 2 0
726 3 0
726 4 0
727 0 0
727 1 0
727 2 0
727 3 0
727 4 0
728 0 0
728 1 0
728 2 0
728 3 0
728 4 0
729 0 0
729 1 0
729 2 0
729 3 0
729 4 0
730 0 0
730 1 0
730 2 0
730 3 0
730 4 0
731 0 0
731 1 0
731 2 0
731 3 0
731 4 0
732 0 0
732 1 0
732 2 0
732 3 0
732 4 0
733 0 0
733 1 0
733 2 0
733 3 0
733 4 0
734 0 0
734 1 0
734 2 0
734 3 0
734 4 0
735 0 0
735 1 0
735 2 0
735 3 0
735 4 0
736 0 0
736 1 0
736 2 0
736 3 0
736 4 0
737 0 0
737 1 0
737 2 0
737 3 0
737 4 0
738 0 0
738 1 0
738 2 0
738 3 0
738 4 0
739 0 0
739 1 0
739 2 0
739 3 0
739 4 0
740 0 0
740 1 0
740 2 0
740 3 0
740 4 0
741 0 0
741 1 0
741 2 0
741 3 0
741 4 0
742 0 0
742 1 0
742 2 0
742 3 0
742 4 0
743 0 0
743 1 0
743 2 0
743 3 0
743 4 0
744 0 0
744 1 0
744 2 0
744 3 0
744 4 0
745 0 0
745 1 0
745 2 0
745 3 0
745 4 0
746 0 0
746 1 0
746 2 0
746 3 0
746 4 0
747 0 0
747 1 0
747 2 0
747 3 0
747 4 0
748 0 0
748 1 0
748 2 0
748 3 0
748 4 0
749 0 0
749 1 0
749 2 0
749 3 0
749 4 0
750 0 0
750 1 0
750 2 0
750 3 0
750 4 0
751 0 0
751 1 0
751 2 0
751 3 0
751 4 0
752 0 0
752 1 0
752 2 0
752 3 0
752 4 0
753 0 0
753 1 0
753 2 0
753 3 0
753 4 0
754 0 0
754 1 0
754 2 0
754 3 0
754 4 0
755 0 0
755 1 0
755 2 0
755 3 0
755 4 0
756 0 0
756 1 0
756 2 0
756 3 0
756 4 0
757 0 0
757 1 0
757 2 0
757 3 0
757 4 0
758 0 0
758 1 0
758 2 0
758 3 0
758 4 0
759 0 0
759 1 0
759 2 0
759 3 0
759 4 0
760 0 0
760 1 0
760 2 0
760 3 0
760 4 0
761 0 0
761 1 0
761 2 0
761 3 0
761 4 0
762 0 0
762 1 0
762 2 0
762 3 0
762 4 0
763 0 0
763 1 0
763 2 0
763 3 0
763 4 0
764 0 0
764 1 0
764 2 0
764 3 0
764 4 0
765 0 0
765 1 0
765 2 0
765 3 0
765 4 0
766 0 0
766 1 0
766 2 0
766 3 0
766 4 0
767 0 0
767 1 0
767 2 0
767 3 0
767 4 0
768 0 0
768 1 0
768 2 0
768 3 0
768 4 0
769 0 0
769 1 0
769 2 0
769 3 0
769 4 0
770 0 0
770 1 0
770 2 0
770 3 0
770 4 0
771 0 0
771 1 0
771 2 0
771 3 0
771 4 0
772 0 0
772 1 0
772 2 0
772 3 0
772 4 0
773 0 0
773 1 0
773 2 0
773 3 0
773 4 0
774 0 0
774 1 0
774 2 0
774 3 0
774 4 0
775 0 0
775 1 0
775 2 0
775 3 0
775 4 0
776 0 0
776 1 0
776 2 0
776 3 0
776 4 0
777 0 0
777 1 0
777 2 0
777 3 0
777 4 0
778 0 0
778 1 0
778 2 0
778 3 0
778 4 0
779 0 0
779 1 0
779 2 0
779 3 0
779 4 0
780 0 0
780 1 0
780 2 0
780 3 0
780 4 0
781 0 0
781 1 0
781 2 0
781 3 0
781 4 0
782 0 0
782 1 0
782 2 0
782 3 0
782 4 0
783 0 0
783 1 0
783 2 0
783 3 0
783 4 0
784 0 0
784 1 0
784 2 0
784 3 0
784 4 0
785 0 0
785 1 0
785 2 0
785 3 0
785 4 0
786 0 0
786 1 0
786 2 0
786 3 0
786 4 0
787 0 0
787 1 0
787 2 0
787 3 0
787 4 0
788 0 0
788 1 0
788 2 0
788 3 0
788 4 0
789 0 0
789 1 0
789 2 0
789 3 0
789 4 0
790 0 0
790 1 0
790 2 0
790 3 0
790 4 0
791 0 0
791 1 0
791 2 0
791 3 0
791 4 0
792 0 0
792 1 0
792 2 0
792 3 0
792 4 0
793 0 0
793 1 0
793 2 0
793 3 0
793 4 0
794 0 0
794 1 0
794 2 0
794 3 0
794 4 0
795 0 0
795 1 0
795 2 0
795 3 0
795 4 0
796 0 0
796 1 0
796 2 0
796 3 0
796 4 0
797 0 0
797 1 0
797 2 0
797 3 0
797 4 0
798 0 0
798 1 0
798 2 0
798 3 0
798 4 0
799 0 0
799 1 0
799 2 0
799 3 0
799 4 0
800 0 0
800 1 0
800 2 0
800 3 0
800 4 0
801 0 0
801 1 0
801 2 0
801 3 0
801 4 0
802 0 0
802 1 0
802 2 0
802 3 0
802 4 0
803 0 0
803 1 0
803 2 0
803 3 0
803 4 0
804 0 0
804 1 0
804 2 0
804 3 0
804 4 0
805 0 0
805 1 0
805 2 0
805 3 0
805 4 0
806 0 0
806 1 0
806 2 0
806 3 0
806 4 0
807 0 0
807 1 0
807 2 0
807 3 0
807 4 0
808 0 1
808 1 0
808 2 0
808 3 0
808 4 0
809 0 0
809 1 0
809 2 0
809 3 0
809 4 0
810 0 0
810 1 0
810 2 0
810 3 0
810 4 0
811 0 0
811 1 0
811 2 0
811 3 0
811 4 0
812 0 0
812 1 0
812 2 0
812 3 0
812 4 0
813 0 0
813 1 0
813 2 0
813 3 0
813 4 0
814 0 0
814 1 0
814 2 0
814 3 0
814 4 0
815 0 0
815 1 0
815 2 0
815 3 0
815 4 0
816 0 0
816 1 0
816 2 0
816 3 0
816 4 1
817 0 0
817 1 0
817 2 0
817 3 0
817 4 1
818 0 0
818 1 0
818 2 0
818 3 0
818 4 1
819 0 0
819 1 0
819 2 0
819 3 0
819 4 1
820 0 0
820 1 0
820 2 0
820 3 0
820 4 0
821 0 0
821 1 0
821 2 0
821 3 0
821 4 0
822 0 0
822 1 0
822 2 0
822 3 0
822 4 0
823 0 0
823 1 0
823 2 0
823 3 0
823 4 0
824 0 0
824 1 0
824 2 0
824 3 0
824 4 0
825 0 0
825 1 0
825 2 0
825 3 0
825 4 0
826 0 0
826 1 0
826 2 0
826 3 0
826 4 0
827 0 0
827 1 0
827 2 0
827 3 0
827 4 0
828 0 0
828 1 0
828 2 0
828 3 0
828 4 0
829 0 0
829 1 0
829 2 0
829 3 0
829 4 0
830 0 0
830 1 0
830 2 0
830 3 0
830 4 0
831 0 1
831 1 1
831 2 1
831 3 0
831 4 1
832 0 0
832 1 1
832 2 1
832 3 0
832 4 1
833 0 0
833 1 0
833 2 0
833 3 0
833 4 0
834 0 0
834 1 0
834 2 0
834 3 0
834 4 0
835 0 0
835 1 0
835 2 0
835 3 0
835 4 0
836 0 0
836 1 0
836 2 0
836 3 0
836 4 0
837 0 1
837 1 0
837 2 0
837 3 0
837 4 0
838 0 1
838 1 0
838 2 0
838 3 0
838 4 0
839 0 1
839 1 0
839 2 0
839 3 0
839 4 0
840 0 1
840 1 0
840 2 0
840 3 0
840 4 0
841 0 0
841 1 0
841 2 0
841 3 0
841 4 0
842 0 0
842 1 0
842 2 0
842 3 0
842 4 0
843 0 0
843 1 0
843 2 0
843 3 0
843 4 0
844 0 0
844 1 0
844 2 0
844 3 0
844 4 0
845 0 0
845 1 0
845 2 0
845 3 0
845 4 0
846 0 0
846 1 0
846 2 0
846 3 1
846 4 0
847 0 0
847 1 0
847 2 0
847 3 1
847 4 0
848 0 0
848 1 0
848 2 0
848 3 1
848 4 0
849 0 0
849 1 0
849 2 0
849 3 0
849 4 0
850 0 0
850 1 0
850 2 0
850 3 0
850 4 0
851 0 0
851 1 0
851 2 0
851 3 0
851 4 0
852 0 0
852 1 0
852 2 0
852 3 0
852 4 0
853 0 0
853 1 0
853 2 0
853 3 0
853 4 0
854 0 0
854 1 0
854 2 0
854 3 0
854 4 0
855 0 0
855 1 0
855 2 0
855 3 0
855 4 1
856 0 0
856 1 0
856 2 0
856 3 0
856 4 0
857 0 0
857 1 0
857 2 0
857 3 0
857 4 0
858 0 0
858 1 0
858 2 0
858 3 1
858 4 0
859 0 0
859 1 0
859 2 0
859 3 1
859 4 0
860 0 0
860 1 0
860 2 0
860 3 0
860 4 0
861 0 0
861 1 0
861 2 0
861 3 0
861 4 0
862 0 0
862 1 0
862 2 0
862 3 0
862 4 0
863 0 0
863 1 0
863 2 0
863 3 0
863 4 0
864 0 0
864 1 0
864 2 0
864 3 0
864 4 0
865 0 0
865 1 0
865 2 0
865 3 0
865 4 0
866 0 0
866 1 0
866 2 0
866 3 0
866 4 0
867 0 0
867 1 0
867 2 0
867 3 0
867 4 0
868 0 0
868 1 0
868 2 0
868 3 0
868 4 0
869 0 0
869 1 0
869 2 0
869 3 0
869 4 0
870 0 0
870 1 0
870 2 0
870 3 0
870 4 0
871 0 0
871 1 0
871 2 0
871 3 0
871 4 0
872 0 0
872 1 0
872 2 0
872 3 0
872 4 0
873 0 0
873 1 0
873 2 0
873 3 0
873 4 0
874 0 0
874 1 0
874 2 0
874 3 0
874 4 0
875 0 0
875 1 0
875 2 0
875 3 0
875 4 0
876 0 0
876 1 0
876 2 0
876 3 0
876 4 0
877 0 0
877 1 0
877 2 0
877 3 0
877 4 0
878 0 0
878 1 0
878 2 0
878 3 0
878 4 0
879 0 0
879 1 0
879 2 0
879 3 0
879 4 0
880 0 0
880 1 0
880 2 0
880 3 0
880 4 0
881 0 0
881 1 0
881 2 0
881 3 0
881 4 0
882 0 0
882 1 0
882 2 0
882 3 0
882 4 0
883 0 0
883 1 0
883 2 0
883 3 0
883 4 0
884 0 0
884 1 0
884 2 0
884 3 0
884 4 0
885 0 0
885 1 0
885 2 0
885 3 0
885 4 0
886 0 0
886 1 0
886 2 0
886 3 0
886 4 0
887 0 0
887 1 0
887 2 0
887 3 0
887 4 0
888 0 0
888 1 0
888 2 0
888 3 0
888 4 0
889 0 0
889 1 0
889 2 0
889 3 0
889 4 0
890 0 0
890 1 0
890 2 0
890 3 0
890 4 0
891 0 0
891 1 0
891 2 0
891 3 0
891 4 0
892 0 0
892 1 0
892 2 0
892 3 0
892 4 0
893 0 0
893 1 0
893 2 0
893 3 0
893 4 0
894 0 0
894 1 0
894 2 0
894 3 0
894 4 0
895 0 0
895 1 0
895 2 0
895 3 0
895 4 0
896 0 0
896 1 0
896 2 0
896 3 0
896 4 0
897 0 0
897 1 0
897 2 0
897 3 0
897 4 0
898 0 0
898 1 0
898 2 0
898 3 0
898 4 0
899 0 0
899 1 0
899 2 0
899 3 0
899 4 0
900 0 0
900 1 0
900 2 0
900 3 0
900 4 0
901 0 0
901 1 0
901 2 0
901 3 0
901 4 0
902 0 0
902 1 0
902 2 0
902 3 0
902 4 0
903 0 0
903 1 0
903 2 0
903 3 0
903 4 0
904 0 0
904 1 0
904 2 0
904 3 0
904 4 0
905 0 0
905 1 0
905 2 0
905 3 0
905 4 0
906 0 0
906 1 0
906 2 0
906 3 0
906 4 0
907 0 0
907 1 0
907 2 0
907 3 0
907 4 0
908 0 0
908 1 0
908 2 0
908 3 0
908 4 0
909 0 0
909 1 0
909 2 0
909 3 0
909 4 0
910 0 0
910 1 0
910 2 0
910 3 0
910 4 0
911 0 0
911 1 0
911 2 0
911 3 0
911 4 0
912 0 0
912 1 0
912 2 0
912 3 0
912 4 0
913 0 0
913 1 0
913 2 0
913 3 0
913 4 0
914 0 0
914 1 0
914 2 0
914 3 0
914 4 0
915 0 0
915 1 0
915 2 0
915 3 0
915 4 0
916 0 0
916 1 0
916 2 0
916 3 0
916 4 0
917 0 0
917 1 0
917 2 0
917 3 0
917 4 0
918 0 0
918 1 0
918 2 0
918 3 0
918 4 0
919 0 0
919 1 0
919 2 0
919 3 0
919 4 0
920 0 0
920 1 0
920 2 0
920 3 0
920 4 0
921 0 0
921 1 0
921 2 0
921 3 0
921 4 0
922 0 0
922 1 0
922 2 0
922 3 0
922 4 0
923 0 0
923 1 0
923 2 0
923 3 0
923 4 0
924 0 0
924 1 0
924 2 0
924 3 0
924 4 0
925 0 0
925 1 0
925 2 0
925 3 0
925 4 0
926 0 0
926 1 0
926 2 0
926 3 0
926 4 0
927 0 0
927 1 0
927 2 0
927 3 0
927 4 0
928 0 0
928 1 0
928 2 0
928 3 0
928 4 0
929 0 0
929 1 0
929 2 0
929 3 0
929 4 0
930 0 0
930 1 0
930 2 0
930 3 0
930 4 0
931 0 0
931 1 0
931 2 0
931 3 0
931 4 0
932 0 0
932 1 0
932 2 0
932 3 0
932 4 0
933 0 0
933 1 0
933 2 0
933 3 0
933 4 0
934 0 0
934 1 0
934 2 0
934 3 0
934 4 0
935 0 0
935 1 0
935 2 0
935 3 0
935 4 0
936 0 0
936 1 1
936 2 0
936 3 0
936 4 0
937 0 0
937 1 0
937 2 0
937 3 0
937 4 0
938 0 0
938 1 0
938 2 0
938 3 0
938 4 0
939 0 0
939 1 0
939 2 0
939 3 0
939 4 0
940 0 0
940 1 0
940 2 0
940 3 0
940 4 0
941 0 0
941 1 0
941 2 0
941 3 0
941 4 0
942 0 1
942 1 0
942 2 1
942 3 0
942 4 1
943 0 1
943 1 0
943 2 1
943 3 0
943 4 1
944 0 0
944 1 0
944 2 0
944 3 0
944 4 0
945 0 0
945 1 0
945 2 0
945 3 0
945 4 0
946 0 1
946 1 0
946 2 0
946 3 0
946 4 0
947 0 0
947 1 0
947 2 1
947 3 0
947 4 0
948 0 0
948 1 0
948 2 1
948 3 0
948 4 0
949 0 0
949 1 0
949 2 0
949 3 0
949 4 0
950 0 0
950 1 0
950 2 0
950 3 0
950 4 0
951 0 0
951 1 0
951 2 0
951 3 0
951 4 0
952 0 0
952 1 0
952 2 0
952 3 0
952 4 0
953 0 0
953 1 0
953 2 0
953 3 0
953 4 0
954 0 0
954 1 0
954 2 1
954 3 0
954 4 0
955 0 0
955 1 0
955 2 0
955 3 0
955 4 0
956 0 0
956 1 0
956 2 0
956 3 0
956 4 0
957 0 1
957 1 0
957 2 0
957 3 1
957 4 1
958 0 0
958 1 0
958 2 0
958 3 0
958 4 1
959 0 0
959 1 0
959 2 0
959 3 0
959 4 0
960 0 0
960 1 0
960 2 0
960 3 0
960 4 0
961 0 0
961 1 0
961 2 0
961 3 0
961 4 0
962 0 0
962 1 0
962 2 0
962 3 0
962 4 1
963 0 0
963 1 0
963 2 0
963 3 0
963 4 0
964 0 0
964 1 0
964 2 0
964 3 0
964 4 0
965 0 0
965 1 0
965 2 0
965 3 0
965 4 0
966 0 0
966 1 0
966 2 0
966 3 0
966 4 0
967 0 0
967 1 0
967 2 0
967 3 0
967 4 0
968 0 0
968 1 0
968 2 0
968 3 0
968 4 0
969 0 0
969 1 0
969 2 0
969 3 0
969 4 0
970 0 0
970 1 0
970 2 0
970 3 0
970 4 0
971 0 0
971 1 0
971 2 0
971 3 0
971 4 0
972 0 0
972 1 0
972 2 0
972 3 0
972 4 0
973 0 0
973 1 0
973 2 0
973 3 0
973 4 0
974 0 0
974 1 0
974 2 0
974 3 0
974 4 0
975 0 0
975 1 0
975 2 0
975 3 0
975 4 0
976 0 0
976 1 0
976 2 0
976 3 0
976 4 0
977 0 0
977 1 0
977 2 0
977 3 0
977 4 0
978 0 1
978 1 0
978 2 1
978 3 0
978 4 1
979 0 1
979 1 0
979 2 1
979 3 0
979 4 1
980 0 1
980 1 0
980 2 1
980 3 0
980 4 1
981 0 0
981 1 0
981 2 0
981 3 0
981 4 0
982 0 0
982 1 0
982 2 0
982 3 0
982 4 0
983 0 0
983 1 0
983 2 0
983 3 0
983 4 0
984 0 0
984 1 0
984 2 0
984 3 0
984 4 0
985 0 0
985 1 0
985 2 0
985 3 0
985 4 0
986 0 0
986 1 0
986 2 0
986 3 0
986 4 0
987 0 0
987 1 0
987 2 0
987 3 1
987 4 0
988 0 0
988 1 0
988 2 0
988 3 1
988 4 0
989 0 0
989 1 0
989 2 0
989 3 0
989 4 0
990 0 0
990 1 0
990 2 0
990 3 0
990 4 0
991 0 0
991 1 0
991 2 0
991 3 0
991 4 0
992 0 0
992 1 0
992 2 0
992 3 0
992 4 0
993 0 0
993 1 0
993 2 0
993 3 0
993 4 0
994 0 0
994 1 0
994 2 0
994 3 0
994 4 0
995 0 0
995 1 0
995 2 0
995 3 0
995 4 0
996 0 0
996 1 0
996 2 0
996 3 0
996 4 0
997 0 0
997 1 0
997 2 0
997 3 0
997 4 0
998 0 0
998 1 0
998 2 0
998 3 0
998 4 0
999 0 0
999 1 0
999 2 0
999 3 0
999 4 0
1000 0 0
1000 1 0
1000 2 0
1000 3 0
1000 4 0
1001 0 0
1001 1 0
1001 2 0
1001 3 0
1001 4 0
1002 0 0
1002 1 0
1002 2 0
1002 3 0
1002 4 0
1003 0 0
1003 1 0
1003 2 0
1003 3 0
1003 4 0
1004 0 0
1004 1 0
1004 2 0
1004 3 0
1004 4 0
1005 0 0
1005 1 0
1005 2 0
1005 3 0
1005 4 0
1006 0 0
1006 1 0
1006 2 0
1006 3 0
1006 4 0
1007 0 0
1007 1 0
1007 2 0
1007 3 0
1007 4 0
1008 0 0
1008 1 0
1008 2 0
1008 3 0
1008 4 0
1009 0 0
1009 1 0
1009 2 0
1009 3 0
1009 4 0
1010 0 0
1010 1 0
1010 2 0
1010 3 0
1010 4 0
1011 0 0
1011 1 0
1011 2 0
1011 3 0
1011 4 0
1012 0 0
1012 1 0
1012 2 0
1012 3 0
1012 4 0
1013 0 0
1013 1 0
1013 2 0
1013 3 1
1013 4 0
1014 0 0
1014 1 0
1014 2 0
1014 3 0
1014 4 0
1015 0 0
1015 1 0
1015 2 0
1015 3 0
1015 4 0
1016 0 0
1016 1 0
1016 2 0
1016 3 0
1016 4 0
1017 0 0
1017 1 0
1017 2 0
1017 3 0
1017 4 0
1018 0 0
1018 1 0
1018 2 0
1018 3 0
1018 4 0
1019 0 0
1019 1 0
1019 2 0
1019 3 1
1019 4 0
1020 0 0
1020 1 0
1020 2 0
1020 3 1
1020 4 0
1021 0 0
1021 1 0
1021 2 0
1021 3 0
1021 4 0
1022 0 0
1022 1 0
1022 2 0
1022 3 0
1022 4 0
1023 0 0
1023 1 0
1023 2 0
1023 3 0
1023 4 0
1024 0 0
1024 1 0
1024 2 0
1024 3 0
1024 4 0
1025 0 0
1025 1 0
1025 2 0
1025 3 0
1025 4 0
1026 0 0
1026 1 0
1026 2 0
1026 3 0
1026 4 0
1027 0 0
1027 1 0
1027 2 0
1027 3 0
1027 4 0
1028 0 0
1028 1 0
1028 2 0
1028 3 0
1028 4 0
1029 0 0
1029 1 0
1029 2 0
1029 3 0
1029 4 0
1030 0 0
1030 1 0
1030 2 0
1030 3 0
1030 4 0
1031 0 0
1031 1 0
1031 2 0
1031 3 0
1031 4 0
1032 0 0
1032 1 0
1032 2 0
1032 3 0
1032 4 0
1033 0 0
1033 1 0
1033 2 0
1033 3 0
1033 4 0
1034 0 0
1034 1 0
1034 2 0
1034 3 0
1034 4 0
1035 0 0
1035 1 0
1035 2 0
1035 3 0
1035 4 0
1036 0 0
1036 1 0
1036 2 0
1036 3 0
1036 4 0
1037 0 1
1037 1 0
1037 2 1
1037 3 0
1037 4 0
1038 0 1
1038 1 0
1038 2 1
1038 3 0
1038 4 1
1039 0 0
1039 1 0
1039 2 0
1039 3 0
1039 4 0
1040 0 0
1040 1 0
1040 2 0
1040 3 0
1040 4 0
1041 0 0
1041 1 0
1041 2 0
1041 3 0
1041 4 0
1042 0 0
1042 1 0
1042 2 0
1042 3 0
1042 4 0
1043 0 0
1043 1 0
1043 2 0
1043 3 0
1043 4 0
1044 0 0
1044 1 0
1044 2 0
1044 3 0
1044 4 0
1045 0 0
1045 1 0
1045 2 0
1045 3 0
1045 4 0
1046 0 0
1046 1 0
1046 2 0
1046 3 0
1046 4 0
1047 0 0
1047 1 0
1047 2 0
1047 3 0
1047 4 0
1048 0 0
1048 1 0
1048 2 0
1048 3 0
1048 4 0
1049 0 0
1049 1 0
1049 2 0
1049 3 0
1049 4 0
1050 0 0
1050 1 0
1050 2 0
1050 3 0
1050 4 0
1051 0 0
1051 1 0
1051 2 0
1051 3 0
1051 4 0
1052 0 0
1052 1 0
1052 2 0
1052 3 0
1052 4 0
1053 0 0
1053 1 0
1053 2 0
1053 3 0
1053 4 0
1054 0 0
1054 1 0
1054 2 0
1054 3 0
1054 4 0
1055 0 0
1055 1 0
1055 2 0
1055 3 0
1055 4 0
1056 0 0
1056 1 0
1056 2 0
1056 3 0
1056 4 0
1057 0 0
1057 1 0
1057 2 0
1057 3 0
1057 4 0
1058 0 0
1058 1 0
1058 2 0
1058 3 0
1058 4 0
1059 0 0
1059 1 0
1059 2 0
1059 3 0
1059 4 0
1060 0 0
1060 1 0
1060 2 0
1060 3 0
1060 4 0
1061 0 0
1061 1 0
1061 2 0
1061 3 0
1061 4 0
1062 0 0
1062 1 0
1062 2 0
1062 3 0
1062 4 0
1063 0 0
1063 1 0
1063 2 0
1063 3 0
1063 4 0
1064 0 0
1064 1 0
1064 2 0
1064 3 0
1064 4 0
1065 0 0
1065 1 0
1065 2 0
1065 3 0
1065 4 0
1066 0 0
1066 1 0
1066 2 0
1066 3 0
1066 4 0
1067 0 0
1067 1 0
1067 2 1
1067 3 0
1067 4 1
1068 0 0
1068 1 0
1068 2 0
1068 3 0
1068 4 0
1069 0 0
1069 1 0
1069 2 0
1069 3 0
1069 4 0
1070 0 0
1070 1 0
1070 2 0
1070 3 0
1070 4 0
1071 0 0
1071 1 0
1071 2 0
1071 3 0
1071 4 1
1072 0 0
1072 1 0
1072 2 1
1072 3 0
1072 4 1
1073 0 0
1073 1 0
1073 2 0
1073 3 0
1073 4 0
1074 0 0
1074 1 0
1074 2 0
1074 3 0
1074 4 0
1075 0 0
1075 1 0
1075 2 0
1075 3 0
1075 4 0
1076 0 0
1076 1 0
1076 2 0
1076 3 0
1076 4 0
1077 0 0
1077 1 0
1077 2 0
1077 3 1
1077 4 0
1078 0 0
1078 1 0
1078 2 0
1078 3 1
1078 4 0
1079 0 0
1079 1 0
1079 2 0
1079 3 1
1079 4 0
1080 0 0
1080 1 0
1080 2 0
1080 3 1
1080 4 0
1081 0 0
1081 1 0
1081 2 0
1081 3 1
1081 4 0
1082 0 0
1082 1 0
1082 2 0
1082 3 0
1082 4 0
1083 0 0
1083 1 0
1083 2 0
1083 3 0
1083 4 0
1084 0 0
1084 1 0
1084 2 0
1084 3 0
1084 4 0
1085 0 0
1085 1 0
1085 2 0
1085 3 1
1085 4 0
1086 0 0
1086 1 0
1086 2 0
1086 3 1
1086 4 0
1087 0 0
1087 1 0
1087 2 0
1087 3 1
1087 4 0
1088 0 0
1088 1 0
1088 2 0
1088 3 1
1088 4 0
1089 0 0
1089 1 0
1089 2 0
1089 3 0
1089 4 0
1090 0 0
1090 1 0
1090 2 0
1090 3 0
1090 4 0
1091 0 0
1091 1 0
1091 2 0
1091 3 1
1091 4 0
1092 0 0
1092 1 0
1092 2 0
1092 3 1
1092 4 0
1093 0 0
1093 1 0
1093 2 0
1093 3 1
1093 4 0
1094 0 0
1094 1 0
1094 2 0
1094 3 1
1094 4 0
1095 0 0
1095 1 0
1095 2 0
1095 3 1
1095 4 0
1096 0 0
1096 1 0
1096 2 0
1096 3 1
1096 4 0
1097 0 0
1097 1 0
1097 2 0
1097 3 0
1097 4 0
1098 0 0
1098 1 0
1098 2 0
1098 3 0
1098 4 0
1099 0 0
1099 1 0
1099 2 0
1099 3 0
1099 4 0
1100 0 0
1100 1 0
1100 2 0
1100 3 0
1100 4 0
1101 0 0
1101 1 0
1101 2 0
1101 3 0
1101 4 0
1102 0 0
1102 1 0
1102 2 0
1102 3 0
1102 4 0
1103 0 0
1103 1 0
1103 2 0
1103 3 0
1103 4 0
1104 0 0
1104 1 0
1104 2 0
1104 3 0
1104 4 0
1105 0 0
1105 1 0
1105 2 0
1105 3 0
1105 4 0
1106 0 0
1106 1 0
1106 2 0
1106 3 0
1106 4 0
1107 0 0
1107 1 0
1107 2 0
1107 3 1
1107 4 0
1108 0 0
1108 1 0
1108 2 0
1108 3 1
1108 4 0
1109 0 0
1109 1 0
1109 2 1
1109 3 1
1109 4 0
1110 0 0
1110 1 0
1110 2 0
1110 3 0
1110 4 0
1111 0 0
1111 1 0
1111 2 0
1111 3 0
1111 4 0
1112 0 0
1112 1 0
1112 2 0
1112 3 0
1112 4 0
1113 0 0
1113 1 0
1113 2 0
1113 3 0
1113 4 0
1114 0 0
1114 1 0
1114 2 0
1114 3 0
1114 4 0
1115 0 0
1115 1 0
1115 2 0
1115 3 0
1115 4 0
1116 0 0
1116 1 0
1116 2 0
1116 3 0
1116 4 0
1117 0 0
1117 1 0
1117 2 0
1117 3 0
1117 4 0
1118 0 0
1118 1 0
1118 2 0
1118 3 0
1118 4 0
1119 0 0
1119 1 0
1119 2 0
1119 3 0
1119 4 0
1120 0 0
1120 1 0
1120 2 0
1120 3 1
1120 4 0
1121 0 0
1121 1 0
1121 2 0
1121 3 1
1121 4 0
1122 0 0
1122 1 0
1122 2 0
1122 3 0
1122 4 0
1123 0 0
1123 1 0
1123 2 0
1123 3 0
1123 4 0
1124 0 0
1124 1 0
1124 2 0
1124 3 0
1124 4 0
1125 0 0
1125 1 0
1125 2 0
1125 3 0
1125 4 0
1126 0 0
1126 1 0
1126 2 0
1126 3 0
1126 4 0
1127 0 0
1127 1 0
1127 2 0
1127 3 0
1127 4 0
1128 0 1
1128 1 0
1128 2 1
1128 3 0
1128 4 0
1129 0 0
1129 1 0
1129 2 0
1129 3 1
1129 4 0
1130 0 0
1130 1 0
1130 2 0
1130 3 0
1130 4 0
1131 0 0
1131 1 0
1131 2 0
1131 3 0
1131 4 0
1132 0 0
1132 1 0
1132 2 0
1132 3 1
1132 4 1
1133 0 0
1133 1 0
1133 2 0
1133 3 0
1133 4 0
1134 0 0
1134 1 0
1134 2 0
1134 3 0
1134 4 0
1135 0 0
1135 1 0
1135 2 0
1135 3 0
1135 4 0
1136 0 1
1136 1 1
1136 2 1
1136 3 0
1136 4 1
1137 0 1
1137 1 1
1137 2 1
1137 3 0
1137 4 1
1138 0 0
1138 1 0
1138 2 0
1138 3 0
1138 4 0
1139 0 0
1139 1 1
1139 2 0
1139 3 0
1139 4 0
1140 0 0
1140 1 1
1140 2 0
1140 3 0
1140 4 0
1141 0 0
1141 1 0
1141 2 0
1141 3 0
1141 4 0
1142 0 0
1142 1 0
1142 2 0
1142 3 0
1142 4 0
1143 0 0
1143 1 0
1143 2 0
1143 3 0
1143 4 0
1144 0 0
1144 1 0
1144 2 0
1144 3 0
1144 4 0
1145 0 0
1145 1 0
1145 2 0
1145 3 0
1145 4 0
1146 0 0
1146 1 0
1146 2 0
1146 3 0
1146 4 0
1147 0 0
1147 1 0
1147 2 0
1147 3 0
1147 4 0
1148 0 0
1148 1 0
1148 2 0
1148 3 0
1148 4 0
1149 0 0
1149 1 0
1149 2 0
1149 3 0
1149 4 0
1150 0 0
1150 1 1
1150 2 1
1150 3 0
1150 4 1
1151 0 0
1151 1 0
1151 2 0
1151 3 0
1151 4 0
1152 0 1
1152 1 0
1152 2 1
1152 3 0
1152 4 1
1153 0 1
1153 1 0
1153 2 1
1153 3 0
1153 4 1
1154 0 0
1154 1 0
1154 2 0
1154 3 0
1154 4 0
1155 0 0
1155 1 0
1155 2 0
1155 3 0
1155 4 0
1156 0 0
1156 1 0
1156 2 0
1156 3 0
1156 4 0
1157 0 0
1157 1 0
1157 2 0
1157 3 0
1157 4 0
1158 0 1
1158 1 1
1158 2 1
1158 3 1
1158 4 1
1159 0 1
1159 1 1
1159 2 1
1159 3 1
1159 4 1
1160 0 1
1160 1 1
1160 2 1
1160 3 1
1160 4 1
1161 0 1
1161 1 1
1161 2 1
1161 3 0
1161 4 1
1162 0 1
1162 1 1
1162 2 1
1162 3 0
1162 4 1
1163 0 1
1163 1 1
1163 2 1
1163 3 0
1163 4 1
1164 0 1
1164 1 1
1164 2 1
1164 3 0
1164 4 1
1165 0 0
1165 1 0
1165 2 0
1165 3 0
1165 4 0
1166 0 0
1166 1 0
1166 2 0
1166 3 0
1166 4 0
1167 0 0
1167 1 1
1167 2 1
1167 3 0
1167 4 1
1168 0 0
1168 1 0
1168 2 0
1168 3 0
1168 4 0
1169 0 0
1169 1 0
1169 2 0
1169 3 0
1169 4 0
1170 0 0
1170 1 0
1170 2 0
1170 3 0
1170 4 0
1171 0 0
1171 1 1
1171 2 1
1171 3 0
1171 4 1
1172 0 0
1172 1 0
1172 2 0
1172 3 0
1172 4 0
1173 0 0
1173 1 0
1173 2 0
1173 3 0
1173 4 0
1174 0 0
1174 1 0
1174 2 0
1174 3 0
1174 4 0
1175 0 0
1175 1 0
1175 2 0
1175 3 0
1175 4 0
1176 0 0
1176 1 0
1176 2 0
1176 3 0
1176 4 0
1177 0 0
1177 1 1
1177 2 1
1177 3 0
1177 4 1
1178 0 0
1178 1 0
1178 2 0
1178 3 0
1178 4 0
1179 0 0
1179 1 0
1179 2 0
1179 3 0
1179 4 0
1180 0 0
1180 1 0
1180 2 0
1180 3 0
1180 4 0
1181 0 0
1181 1 0
1181 2 0
1181 3 0
1181 4 0
1182 0 0
1182 1 0
1182 2 0
1182 3 0
1182 4 0
1183 0 0
1183 1 0
1183 2 0
1183 3 0
1183 4 0
1184 0 0
1184 1 0
1184 2 0
1184 3 0
1184 4 0
1185 0 0
1185 1 0
1185 2 0
1185 3 0
1185 4 0
1186 0 0
1186 1 0
1186 2 0
1186 3 0
1186 4 0
1187 0 0
1187 1 0
1187 2 0
1187 3 0
1187 4 0
1188 0 0
1188 1 0
1188 2 0
1188 3 0
1188 4 0
1189 0 0
1189 1 0
1189 2 0
1189 3 0
1189 4 0
1190 0 0
1190 1 0
1190 2 0
1190 3 0
1190 4 0
1191 0 0
1191 1 0
1191 2 0
1191 3 0
1191 4 0
1192 0 0
1192 1 0
1192 2 0
1192 3 0
1192 4 0
1193 0 0
1193 1 0
1193 2 0
1193 3 0
1193 4 0
1194 0 0
1194 1 0
1194 2 0
1194 3 0
1194 4 0
1195 0 0
1195 1 0
1195 2 0
1195 3 0
1195 4 0
1196 0 0
1196 1 0
1196 2 0
1196 3 0
1196 4 0
1197 0 0
1197 1 0
1197 2 0
1197 3 0
1197 4 0
1198 0 0
1198 1 0
1198 2 0
1198 3 0
1198 4 0
1199 0 0
1199 1 0
1199 2 0
1199 3 0
1199 4 0
1200 0 0
1200 1 1
1200 2 1
1200 3 0
1200 4 1
1201 0 0
1201 1 1
1201 2 1
1201 3 0
1201 4 1
1202 0 0
1202 1 1
1202 2 1
1202 3 0
1202 4 1
1203 0 0
1203 1 0
1203 2 0
1203 3 0
1203 4 0
1204 0 0
1204 1 0
1204 2 0
1204 3 0
1204 4 0
1205 0 0
1205 1 0
1205 2 0
1205 3 0
1205 4 0
1206 0 0
1206 1 0
1206 2 0
1206 3 0
1206 4 0
1207 0 0
1207 1 0
1207 2 0
1207 3 1
1207 4 0
1208 0 0
1208 1 0
1208 2 0
1208 3 1
1208 4 0
1209 0 0
1209 1 0
1209 2 0
1209 3 1
1209 4 0
1210 0 0
1210 1 0
1210 2 0
1210 3 1
1210 4 0
1211 0 0
1211 1 0
1211 2 1
1211 3 1
1211 4 0
1212 0 0
1212 1 0
1212 2 0
1212 3 1
1212 4 0
1213 0 0
1213 1 0
1213 2 0
1213 3 1
1213 4 0
1214 0 0
1214 1 0
1214 2 0
1214 3 1
1214 4 0
1215 0 0
1215 1 0
1215 2 0
1215 3 1
1215 4 0
1216 0 0
1216 1 0
1216 2 0
1216 3 0
1216 4 0
1217 0 0
1217 1 0
1217 2 0
1217 3 1
1217 4 0
1218 0 0
1218 1 0
1218 2 0
1218 3 0
1218 4 0
1219 0 0
1219 1 0
1219 2 0
1219 3 0
1219 4 1
1220 0 0
1220 1 0
1220 2 0
1220 3 0
1220 4 1
1221 0 0
1221 1 0
1221 2 0
1221 3 0
1221 4 1
1222 0 0
1222 1 0
1222 2 0
1222 3 0
1222 4 0
1223 0 0
1223 1 0
1223 2 0
1223 3 0
1223 4 0
1224 0 0
1224 1 0
1224 2 0
1224 3 0
1224 4 0
1225 0 0
1225 1 0
1225 2 0
1225 3 0
1225 4 1
1226 0 0
1226 1 0
1226 2 0
1226 3 0
1226 4 0
1227 0 0
1227 1 0
1227 2 0
1227 3 0
1227 4 0
1228 0 0
1228 1 0
1228 2 0
1228 3 0
1228 4 0
1229 0 0
1229 1 0
1229 2 0
1229 3 0
1229 4 0
1230 0 0
1230 1 0
1230 2 0
1230 3 1
1230 4 0
1231 0 0
1231 1 0
1231 2 0
1231 3 0
1231 4 0
1232 0 0
1232 1 0
1232 2 0
1232 3 0
1232 4 0
1233 0 0
1233 1 0
1233 2 0
1233 3 0
1233 4 0
1234 0 0
1234 1 0
1234 2 0
1234 3 0
1234 4 0
1235 0 1
1235 1 1
1235 2 1
1235 3 0
1235 4 1
1236 0 1
1236 1 1
1236 2 1
1236 3 0
1236 4 1
1237 0 0
1237 1 0
1237 2 0
1237 3 0
1237 4 1
1238 0 1
1238 1 0
1238 2 0
1238 3 0
1238 4 1
1239 0 1
1239 1 0
1239 2 0
1239 3 0
1239 4 1
1240 0 1
1240 1 0
1240 2 0
1240 3 0
1240 4 1
1241 0 0
1241 1 0
1241 2 0
1241 3 0
1241 4 0
1242 0 0
1242 1 0
1242 2 0
1242 3 0
1242 4 0
1243 0 0
1243 1 0
1243 2 0
1243 3 0
1243 4 0
1244 0 0
1244 1 0
1244 2 0
1244 3 0
1244 4 0
1245 0 1
1245 1 0
1245 2 0
1245 3 0
1245 4 1
1246 0 1
1246 1 1
1246 2 1
1246 3 0
1246 4 1
1247 0 0
1247 1 1
1247 2 1
1247 3 0
1247 4 1
1248 0 0
1248 1 0
1248 2 0
1248 3 0
1248 4 0
1249 0 0
1249 1 0
1249 2 0
1249 3 1
1249 4 0
1250 0 0
1250 1 0
1250 2 0
1250 3 0
1250 4 0
1251 0 0
1251 1 0
1251 2 0
1251 3 1
1251 4 0
1252 0 0
1252 1 0
1252 2 0
1252 3 0
1252 4 0
1253 0 0
1253 1 0
1253 2 0
1253 3 0
1253 4 0
1254 0 0
1254 1 0
1254 2 0
1254 3 0
1254 4 0
1255 0 0
1255 1 0
1255 2 0
1255 3 0
1255 4 0
1256 0 0
1256 1 0
1256 2 0
1256 3 0
1256 4 0
1257 0 0
1257 1 0
1257 2 0
1257 3 0
1257 4 0
1258 0 0
1258 1 0
1258 2 0
1258 3 0
1258 4 0
1259 0 0
1259 1 0
1259 2 0
1259 3 0
1259 4 0
1260 0 0
1260 1 0
1260 2 0
1260 3 0
1260 4 1
1261 0 0
1261 1 0
1261 2 1
1261 3 0
1261 4 1
1262 0 0
1262 1 0
1262 2 0
1262 3 0
1262 4 0
1263 0 0
1263 1 0
1263 2 0
1263 3 0
1263 4 0
1264 0 0
1264 1 0
1264 2 0
1264 3 0
1264 4 0
1265 0 0
1265 1 0
1265 2 0
1265 3 0
1265 4 0
1266 0 0
1266 1 1
1266 2 1
1266 3 1
1266 4 0
1267 0 0
1267 1 1
1267 2 1
1267 3 1
1267 4 0
1268 0 0
1268 1 0
1268 2 0
1268 3 0
1268 4 0
1269 0 0
1269 1 0
1269 2 0
1269 3 0
1269 4 0
1270 0 0
1270 1 0
1270 2 1
1270 3 0
1270 4 1
1271 0 0
1271 1 0
1271 2 0
1271 3 0
1271 4 0
1272 0 0
1272 1 0
1272 2 0
1272 3 0
1272 4 1
1273 0 0
1273 1 0
1273 2 0
1273 3 0
1273 4 0
1274 0 0
1274 1 0
1274 2 0
1274 3 0
1274 4 0
1275 0 0
1275 1 0
1275 2 0
1275 3 0
1275 4 0
1276 0 1
1276 1 0
1276 2 0
1276 3 0
1276 4 1
1277 0 0
1277 1 0
1277 2 0
1277 3 0
1277 4 0
1278 0 0
1278 1 0
1278 2 0
1278 3 0
1278 4 1
1279 0 0
1279 1 0
1279 2 0
1279 3 1
1279 4 0
1280 0 0
1280 1 0
1280 2 0
1280 3 0
1280 4 0
1281 0 1
1281 1 1
1281 2 1
1281 3 0
1281 4 1
1282 0 0
1282 1 0
1282 2 0
1282 3 0
1282 4 0
1283 0 0
1283 1 0
1283 2 0
1283 3 0
1283 4 1
1284 0 0
1284 1 0
1284 2 0
1284 3 0
1284 4 0
1285 0 0
1285 1 0
1285 2 0
1285 3 0
1285 4 0
1286 0 0
1286 1 0
1286 2 0
1286 3 0
1286 4 0
1287 0 0
1287 1 0
1287 2 0
1287 3 0
1287 4 0
1288 0 0
1288 1 0
1288 2 0
1288 3 0
1288 4 0
1289 0 0
1289 1 0
1289 2 0
1289 3 0
1289 4 0
1290 0 0
1290 1 0
1290 2 0
1290 3 0
1290 4 0
1291 0 0
1291 1 0
1291 2 0
1291 3 0
1291 4 0
1292 0 0
1292 1 0
1292 2 0
1292 3 0
1292 4 0
1293 0 0
1293 1 0
1293 2 0
1293 3 0
1293 4 0
1294 0 0
1294 1 0
1294 2 0
1294 3 0
1294 4 0
1295 0 0
1295 1 0
1295 2 0
1295 3 0
1295 4 0
1296 0 0
1296 1 0
1296 2 0
1296 3 0
1296 4 0
1297 0 0
1297 1 0
1297 2 0
1297 3 0
1297 4 0
1298 0 0
1298 1 0
1298 2 0
1298 3 0
1298 4 0
1299 0 0
1299 1 0
1299 2 0
1299 3 0
1299 4 0
1300 0 0
1300 1 0
1300 2 0
1300 3 0
1300 4 0
1301 0 0
1301 1 0
1301 2 0
1301 3 0
1301 4 0
1302 0 0
1302 1 0
1302 2 0
1302 3 0
1302 4 0
1303 0 0
1303 1 0
1303 2 0
1303 3 0
1303 4 0
1304 0 0
1304 1 0
1304 2 0
1304 3 0
1304 4 0
1305 0 0
1305 1 0
1305 2 0
1305 3 0
1305 4 0
1306 0 0
1306 1 0
1306 2 0
1306 3 0
1306 4 0
1307 0 0
1307 1 0
1307 2 0
1307 3 0
1307 4 0
1308 0 0
1308 1 0
1308 2 0
1308 3 0
1308 4 0
1309 0 0
1309 1 0
1309 2 0
1309 3 0
1309 4 0
1310 0 0
1310 1 0
1310 2 0
1310 3 0
1310 4 0
1311 0 0
1311 1 0
1311 2 0
1311 3 0
1311 4 0
1312 0 0
1312 1 0
1312 2 0
1312 3 0
1312 4 0
1313 0 0
1313 1 0
1313 2 0
1313 3 0
1313 4 0
1314 0 0
1314 1 0
1314 2 0
1314 3 0
1314 4 0
1315 0 0
1315 1 0
1315 2 0
1315 3 0
1315 4 0
1316 0 0
1316 1 0
1316 2 0
1316 3 0
1316 4 0
1317 0 0
1317 1 0
1317 2 0
1317 3 0
1317 4 0
1318 0 0
1318 1 0
1318 2 0
1318 3 0
1318 4 0
1319 0 0
1319 1 0
1319 2 0
1319 3 0
1319 4 0
1320 0 0
1320 1 0
1320 2 0
1320 3 0
1320 4 0
1321 0 0
1321 1 0
1321 2 0
1321 3 0
1321 4 0
1322 0 0
1322 1 0
1322 2 0
1322 3 0
1322 4 0
1323 0 0
1323 1 0
1323 2 0
1323 3 0
1323 4 0
1324 0 0
1324 1 0
1324 2 0
1324 3 0
1324 4 0
1325 0 0
1325 1 0
1325 2 0
1325 3 0
1325 4 0
1326 0 0
1326 1 0
1326 2 0
1326 3 0
1326 4 0
1327 0 0
1327 1 0
1327 2 0
1327 3 0
1327 4 0
1328 0 0
1328 1 0
1328 2 0
1328 3 0
1328 4 0
1329 0 0
1329 1 0
1329 2 0
1329 3 0
1329 4 0
1330 0 0
1330 1 0
1330 2 0
1330 3 0
1330 4 0
1331 0 0
1331 1 0
1331 2 0
1331 3 0
1331 4 0
1332 0 0
1332 1 0
1332 2 0
1332 3 0
1332 4 0
1333 0 0
1333 1 0
1333 2 0
1333 3 0
1333 4 0
1334 0 0
1334 1 0
1334 2 0
1334 3 0
1334 4 0
1335 0 0
1335 1 0
1335 2 0
1335 3 0
1335 4 0
1336 0 1
1336 1 0
1336 2 0
1336 3 0
1336 4 0
1337 0 1
1337 1 0
1337 2 0
1337 3 0
1337 4 0
1338 0 0
1338 1 0
1338 2 0
1338 3 0
1338 4 0
1339 0 0
1339 1 0
1339 2 0
1339 3 1
1339 4 0
1340 0 0
1340 1 0
1340 2 0
1340 3 1
1340 4 0
1341 0 1
1341 1 0
1341 2 0
1341 3 0
1341 4 0
1342 0 1
1342 1 0
1342 2 0
1342 3 0
1342 4 0
1343 0 1
1343 1 0
1343 2 0
1343 3 0
1343 4 0
1344 0 0
1344 1 0
1344 2 0
1344 3 0
1344 4 0
1345 0 0
1345 1 0
1345 2 1
1345 3 0
1345 4 0
1346 0 0
1346 1 0
1346 2 1
1346 3 0
1346 4 1
1347 0 0
1347 1 0
1347 2 0
1347 3 1
1347 4 0
1348 0 0
1348 1 0
1348 2 0
1348 3 1
1348 4 0
1349 0 0
1349 1 0
1349 2 0
1349 3 0
1349 4 0
1350 0 0
1350 1 0
1350 2 0
1350 3 0
1350 4 0
1351 0 0
1351 1 0
1351 2 0
1351 3 0
1351 4 0
1352 0 0
1352 1 0
1352 2 0
1352 3 0
1352 4 0
1353 0 0
1353 1 0
1353 2 0
1353 3 0
1353 4 0
1354 0 0
1354 1 1
1354 2 0
1354 3 0
1354 4 0
1355 0 1
1355 1 1
1355 2 0
1355 3 0
1355 4 0
1356 0 1
1356 1 1
1356 2 0
1356 3 0
1356 4 0
1357 0 0
1357 1 0
1357 2 1
1357 3 0
1357 4 0
1358 0 0
1358 1 0
1358 2 1
1358 3 0
1358 4 1
1359 0 0
1359 1 0
1359 2 0
1359 3 0
1359 4 0
1360 0 0
1360 1 0
1360 2 0
1360 3 0
1360 4 0
1361 0 0
1361 1 0
1361 2 0
1361 3 0
1361 4 0
1362 0 0
1362 1 0
1362 2 0
1362 3 0
1362 4 0
1363 0 0
1363 1 0
1363 2 0
1363 3 0
1363 4 0
1364 0 0
1364 1 0
1364 2 0
1364 3 0
1364 4 0
1365 0 0
1365 1 0
1365 2 0
1365 3 0
1365 4 0
1366 0 1
1366 1 1
1366 2 0
1366 3 1
1366 4 1
1367 0 1
1367 1 1
1367 2 0
1367 3 1
1367 4 1
1368 0 1
1368 1 1
1368 2 0
1368 3 1
1368 4 1
1369 0 1
1369 1 1
1369 2 0
1369 3 1
1369 4 1
1370 0 1
1370 1 1
1370 2 0
1370 3 1
1370 4 1
1371 0 0
1371 1 0
1371 2 0
1371 3 0
1371 4 0
1372 0 0
1372 1 0
1372 2 0
1372 3 0
1372 4 0
1373 0 0
1373 1 0
1373 2 0
1373 3 0
1373 4 0
1374 0 0
1374 1 0
1374 2 0
1374 3 0
1374 4 0
1375 0 1
1375 1 1
1375 2 1
1375 3 1
1375 4 1
1376 0 1
1376 1 1
1376 2 1
1376 3 1
1376 4 1
1377 0 0
1377 1 1
1377 2 0
1377 3 1
1377 4 0
1378 0 0
1378 1 1
1378 2 0
1378 3 1
1378 4 0
1379 0 0
1379 1 1
1379 2 0
1379 3 1
1379 4 0
1380 0 0
1380 1 1
1380 2 0
1380 3 1
1380 4 0
1381 0 0
1381 1 0
1381 2 0
1381 3 0
1381 4 0
1382 0 0
1382 1 0
1382 2 0
1382 3 0
1382 4 0
1383 0 0
1383 1 0
1383 2 0
1383 3 0
1383 4 0
1384 0 0
1384 1 0
1384 2 0
1384 3 0
1384 4 0
1385 0 0
1385 1 0
1385 2 0
1385 3 1
1385 4 0
1386 0 0
1386 1 0
1386 2 0
1386 3 0
1386 4 0
1387 0 0
1387 1 0
1387 2 0
1387 3 0
1387 4 0
1388 0 0
1388 1 0
1388 2 0
1388 3 0
1388 4 0
1389 0 0
1389 1 0
1389 2 0
1389 3 0
1389 4 0
1390 0 0
1390 1 0
1390 2 0
1390 3 0
1390 4 0
1391 0 0
1391 1 0
1391 2 0
1391 3 0
1391 4 0
1392 0 0
1392 1 0
1392 2 0
1392 3 0
1392 4 0
1393 0 0
1393 1 0
1393 2 0
1393 3 0
1393 4 0
1394 0 0
1394 1 0
1394 2 0
1394 3 0
1394 4 0
1395 0 0
1395 1 0
1395 2 0
1395 3 0
1395 4 0
1396 0 0
1396 1 0
1396 2 0
1396 3 0
1396 4 0
1397 0 0
1397 1 0
1397 2 0
1397 3 0
1397 4 0
1398 0 0
1398 1 0
1398 2 0
1398 3 0
1398 4 0
1399 0 0
1399 1 0
1399 2 0
1399 3 0
1399 4 0
1400 0 0
1400 1 0
1400 2 0
1400 3 0
1400 4 0
1401 0 0
1401 1 0
1401 2 0
1401 3 0
1401 4 0
1402 0 0
1402 1 0
1402 2 0
1402 3 0
1402 4 0
1403 0 0
1403 1 0
1403 2 0
1403 3 0
1403 4 0
1404 0 0
1404 1 0
1404 2 0
1404 3 1
1404 4 0
1405 0 0
1405 1 0
1405 2 0
1405 3 0
1405 4 0
1406 0 0
1406 1 0
1406 2 0
1406 3 0
1406 4 0
1407 0 0
1407 1 0
1407 2 0
1407 3 0
1407 4 0
1408 0 0
1408 1 0
1408 2 0
1408 3 0
1408 4 0
1409 0 0
1409 1 0
1409 2 0
1409 3 0
1409 4 0
1410 0 0
1410 1 0
1410 2 0
1410 3 0
1410 4 0
1411 0 0
1411 1 0
1411 2 0
1411 3 0
1411 4 0
1412 0 0
1412 1 0
1412 2 0
1412 3 0
1412 4 0
1413 0 0
1413 1 0
1413 2 0
1413 3 0
1413 4 0
1414 0 0
1414 1 0
1414 2 0
1414 3 0
1414 4 0
1415 0 0
1415 1 0
1415 2 0
1415 3 0
1415 4 0
1416 0 0
1416 1 0
1416 2 0
1416 3 0
1416 4 0
1417 0 0
1417 1 0
1417 2 0
1417 3 0
1417 4 0
1418 0 0
1418 1 0
1418 2 0
1418 3 0
1418 4 0
1419 0 0
1419 1 0
1419 2 0
1419 3 0
1419 4 0
1420 0 0
1420 1 0
1420 2 0
1420 3 0
1420 4 0
1421 0 0
1421 1 0
1421 2 0
1421 3 0
1421 4 0
1422 0 0
1422 1 0
1422 2 0
1422 3 0
1422 4 0
1423 0 0
1423 1 0
1423 2 0
1423 3 0
1423 4 0
1424 0 0
1424 1 0
1424 2 0
1424 3 0
1424 4 0
1425 0 0
1425 1 0
1425 2 0
1425 3 0
1425 4 0
1426 0 0
1426 1 0
1426 2 0
1426 3 0
1426 4 0
1427 0 0
1427 1 0
1427 2 0
1427 3 0
1427 4 0
1428 0 0
1428 1 0
1428 2 0
1428 3 0
1428 4 0
1429 0 0
1429 1 0
1429 2 0
1429 3 0
1429 4 0
1430 0 0
1430 1 0
1430 2 0
1430 3 1
1430 4 0
1431 0 0
1431 1 0
1431 2 0
1431 3 1
1431 4 0
1432 0 0
1432 1 0
1432 2 0
1432 3 1
1432 4 0
1433 0 0
1433 1 0
1433 2 0
1433 3 0
1433 4 0
1434 0 0
1434 1 0
1434 2 0
1434 3 1
1434 4 0
1435 0 0
1435 1 0
1435 2 0
1435 3 0
1435 4 0
1436 0 0
1436 1 0
1436 2 0
1436 3 0
1436 4 0
1437 0 0
1437 1 0
1437 2 0
1437 3 0
1437 4 0
1438 0 0
1438 1 0
1438 2 0
1438 3 0
1438 4 0
1439 0 0
1439 1 0
1439 2 0
1439 3 1
1439 4 0
1440 0 0
1440 1 0
1440 2 0
1440 3 0
1440 4 0
1441 0 0
1441 1 0
1441 2 0
1441 3 0
1441 4 0
1442 0 0
1442 1 0
1442 2 0
1442 3 0
1442 4 0
1443 0 0
1443 1 0
1443 2 0
1443 3 0
1443 4 0
1444 0 0
1444 1 0
1444 2 0
1444 3 0
1444 4 0
1445 0 0
1445 1 0
1445 2 0
1445 3 0
1445 4 0
1446 0 0
1446 1 0
1446 2 0
1446 3 0
1446 4 0
1447 0 0
1447 1 0
1447 2 0
1447 3 0
1447 4 0
1448 0 0
1448 1 0
1448 2 0
1448 3 0
1448 4 0
1449 0 0
1449 1 0
1449 2 0
1449 3 0
1449 4 0
1450 0 0
1450 1 0
1450 2 0
1450 3 0
1450 4 0
1451 0 0
1451 1 0
1451 2 0
1451 3 1
1451 4 0
1452 0 0
1452 1 0
1452 2 0
1452 3 0
1452 4 0
1453 0 0
1453 1 0
1453 2 0
1453 3 0
1453 4 0
1454 0 0
1454 1 0
1454 2 0
1454 3 0
1454 4 0
1455 0 0
1455 1 0
1455 2 0
1455 3 0
1455 4 0
1456 0 0
1456 1 0
1456 2 0
1456 3 0
1456 4 0
1457 0 0
1457 1 0
1457 2 0
1457 3 0
1457 4 0
1458 0 0
1458 1 0
1458 2 0
1458 3 0
1458 4 0
1459 0 0
1459 1 0
1459 2 0
1459 3 0
1459 4 0
1460 0 0
1460 1 0
1460 2 0
1460 3 0
1460 4 0
1461 0 0
1461 1 0
1461 2 0
1461 3 0
1461 4 0
1462 0 0
1462 1 0
1462 2 0
1462 3 0
1462 4 0
1463 0 0
1463 1 0
1463 2 0
1463 3 0
1463 4 0
1464 0 0
1464 1 0
1464 2 0
1464 3 0
1464 4 0
1465 0 0
1465 1 0
1465 2 0
1465 3 0
1465 4 0
1466 0 0
1466 1 0
1466 2 0
1466 3 0
1466 4 0
1467 0 0
1467 1 0
1467 2 0
1467 3 0
1467 4 0
1468 0 0
1468 1 0
1468 2 0
1468 3 0
1468 4 0
1469 0 0
1469 1 0
1469 2 0
1469 3 0
1469 4 0
1470 0 0
1470 1 0
1470 2 0
1470 3 0
1470 4 1
1471 0 0
1471 1 0
1471 2 1
1471 3 0
1471 4 1
1472 0 0
1472 1 0
1472 2 1
1472 3 0
1472 4 1
1473 0 0
1473 1 0
1473 2 0
1473 3 0
1473 4 0
1474 0 0
1474 1 0
1474 2 0
1474 3 0
1474 4 0
1475 0 0
1475 1 0
1475 2 0
1475 3 0
1475 4 0
1476 0 0
1476 1 0
1476 2 0
1476 3 0
1476 4 0
1477 0 0
1477 1 0
1477 2 1
1477 3 0
1477 4 1
1478 0 0
1478 1 0
1478 2 1
1478 3 0
1478 4 1
1479 0 0
1479 1 0
1479 2 0
1479 3 0
1479 4 0
1480 0 0
1480 1 0
1480 2 0
1480 3 0
1480 4 0
1481 0 0
1481 1 0
1481 2 0
1481 3 0
1481 4 0
1482 0 0
1482 1 0
1482 2 0
1482 3 0
1482 4 0
1483 0 0
1483 1 0
1483 2 0
1483 3 0
1483 4 0
1484 0 0
1484 1 0
1484 2 0
1484 3 0
1484 4 0
1485 0 0
1485 1 0
1485 2 0
1485 3 0
1485 4 0
1486 0 0
1486 1 0
1486 2 0
1486 3 0
1486 4 0
1487 0 0
1487 1 0
1487 2 0
1487 3 1
1487 4 0
1488 0 0
1488 1 0
1488 2 0
1488 3 1
1488 4 0
1489 0 0
1489 1 0
1489 2 1
1489 3 0
1489 4 0
1490 0 1
1490 1 0
1490 2 1
1490 3 0
1490 4 1
1491 0 1
1491 1 0
1491 2 1
1491 3 0
1491 4 1
1492 0 0
1492 1 0
1492 2 0
1492 3 0
1492 4 0
1493 0 0
1493 1 0
1493 2 0
1493 3 0
1493 4 0
1494 0 0
1494 1 0
1494 2 0
1494 3 0
1494 4 0
1495 0 0
1495 1 0
1495 2 0
1495 3 0
1495 4 0
1496 0 0
1496 1 0
1496 2 0
1496 3 0
1496 4 0
1497 0 0
1497 1 0
1497 2 0
1497 3 1
1497 4 0
1498 0 0
1498 1 0
1498 2 0
1498 3 1
1498 4 0
1499 0 0
1499 1 0
1499 2 0
1499 3 1
1499 4 0
1500 0 0
1500 1 0
1500 2 0
1500 3 0
1500 4 0
1501 0 0
1501 1 0
1501 2 0
1501 3 0
1501 4 0
1502 0 0
1502 1 0
1502 2 0
1502 3 0
1502 4 0
1503 0 0
1503 1 0
1503 2 0
1503 3 0
1503 4 0
1504 0 0
1504 1 0
1504 2 0
1504 3 0
1504 4 0
1505 0 0
1505 1 0
1505 2 0
1505 3 0
1505 4 0
1506 0 0
1506 1 0
1506 2 0
1506 3 1
1506 4 0
1507 0 0
1507 1 0
1507 2 0
1507 3 1
1507 4 0
1508 0 0
1508 1 0
1508 2 0
1508 3 0
1508 4 0
1509 0 0
1509 1 0
1509 2 0
1509 3 0
1509 4 0
1510 0 0
1510 1 0
1510 2 0
1510 3 0
1510 4 0
1511 0 0
1511 1 0
1511 2 0
1511 3 0
1511 4 1
1512 0 0
1512 1 0
1512 2 0
1512 3 0
1512 4 1
1513 0 0
1513 1 0
1513 2 0
1513 3 0
1513 4 0
1514 0 0
1514 1 0
1514 2 0
1514 3 0
1514 4 0
1515 0 0
1515 1 0
1515 2 0
1515 3 0
1515 4 0
1516 0 0
1516 1 0
1516 2 0
1516 3 0
1516 4 0
1517 0 0
1517 1 0
1517 2 0
1517 3 0
1517 4 0
1518 0 0
1518 1 0
1518 2 0
1518 3 0
1518 4 0
1519 0 0
1519 1 0
1519 2 0
1519 3 0
1519 4 1
1520 0 0
1520 1 0
1520 2 0
1520 3 0
1520 4 1
1521 0 0
1521 1 0
1521 2 0
1521 3 0
1521 4 1
1522 0 0
1522 1 0
1522 2 0
1522 3 0
1522 4 1
1523 0 0
1523 1 0
1523 2 0
1523 3 0
1523 4 0
1524 0 0
1524 1 0
1524 2 0
1524 3 0
1524 4 0
1525 0 0
1525 1 0
1525 2 0
1525 3 0
1525 4 0
1526 0 0
1526 1 0
1526 2 0
1526 3 0
1526 4 0
1527 0 0
1527 1 0
1527 2 0
1527 3 0
1527 4 0
1528 0 0
1528 1 0
1528 2 0
1528 3 0
1528 4 0
1529 0 0
1529 1 0
1529 2 0
1529 3 0
1529 4 0
1530 0 0
1530 1 0
1530 2 0
1530 3 0
1530 4 0
1531 0 0
1531 1 0
1531 2 0
1531 3 0
1531 4 0
1532 0 0
1532 1 0
1532 2 0
1532 3 0
1532 4 0
1533 0 0
1533 1 0
1533 2 0
1533 3 0
1533 4 0
1534 0 0
1534 1 0
1534 2 0
1534 3 0
1534 4 0
1535 0 0
1535 1 0
1535 2 0
1535 3 0
1535 4 0
1536 0 0
1536 1 0
1536 2 0
1536 3 0
1536 4 0
1537 0 0
1537 1 0
1537 2 0
1537 3 0
1537 4 0
1538 0 0
1538 1 0
1538 2 0
1538 3 0
1538 4 0
1539 0 0
1539 1 0
1539 2 0
1539 3 0
1539 4 0
1540 0 0
1540 1 0
1540 2 0
1540 3 0
1540 4 0
1541 0 0
1541 1 0
1541 2 0
1541 3 0
1541 4 0
1542 0 0
1542 1 0
1542 2 0
1542 3 0
1542 4 0
1543 0 0
1543 1 0
1543 2 0
1543 3 0
1543 4 0
1544 0 0
1544 1 0
1544 2 0
1544 3 0
1544 4 0
1545 0 0
1545 1 0
1545 2 0
1545 3 0
1545 4 0
1546 0 0
1546 1 0
1546 2 0
1546 3 0
1546 4 0
1547 0 0
1547 1 0
1547 2 0
1547 3 0
1547 4 0
1548 0 0
1548 1 0
1548 2 0
1548 3 0
1548 4 0
1549 0 0
1549 1 0
1549 2 0
1549 3 0
1549 4 0
1550 0 0
1550 1 0
1550 2 0
1550 3 0
1550 4 0
1551 0 1
1551 1 1
1551 2 1
1551 3 0
1551 4 1
1552 0 0
1552 1 0
1552 2 0
1552 3 0
1552 4 0
1553 0 0
1553 1 0
1553 2 0
1553 3 0
1553 4 0
1554 0 0
1554 1 0
1554 2 0
1554 3 0
1554 4 0
1555 0 0
1555 1 0
1555 2 0
1555 3 0
1555 4 0
1556 0 0
1556 1 0
1556 2 0
1556 3 0
1556 4 0
1557 0 0
1557 1 0
1557 2 0
1557 3 0
1557 4 0
1558 0 0
1558 1 0
1558 2 0
1558 3 0
1558 4 0
1559 0 1
1559 1 1
1559 2 1
1559 3 1
1559 4 1
1560 0 0
1560 1 0
1560 2 0
1560 3 0
1560 4 0
1561 0 0
1561 1 0
1561 2 0
1561 3 0
1561 4 0
1562 0 0
1562 1 0
1562 2 0
1562 3 0
1562 4 0
1563 0 0
1563 1 0
1563 2 0
1563 3 0
1563 4 0
1564 0 0
1564 1 0
1564 2 0
1564 3 0
1564 4 0
1565 0 0
1565 1 0
1565 2 0
1565 3 0
1565 4 0
1566 0 0
1566 1 0
1566 2 0
1566 3 0
1566 4 0
1567 0 1
1567 1 1
1567 2 1
1567 3 1
1567 4 1
1568 0 1
1568 1 1
1568 2 0
1568 3 1
1568 4 1
1569 0 1
1569 1 1
1569 2 0
1569 3 1
1569 4 1
1570 0 0
1570 1 0
1570 2 0
1570 3 1
1570 4 0
1571 0 0
1571 1 0
1571 2 0
1571 3 0
1571 4 0
1572 0 0
1572 1 0
1572 2 0
1572 3 0
1572 4 0
1573 0 0
1573 1 0
1573 2 0
1573 3 0
1573 4 0
1574 0 0
1574 1 0
1574 2 0
1574 3 0
1574 4 0
1575 0 1
1575 1 1
1575 2 1
1575 3 1
1575 4 1
1576 0 0
1576 1 0
1576 2 0
1576 3 0
1576 4 0
1577 0 0
1577 1 0
1577 2 0
1577 3 1
1577 4 0
1578 0 0
1578 1 0
1578 2 0
1578 3 1
1578 4 0
1579 0 0
1579 1 0
1579 2 0
1579 3 1
1579 4 0
1580 0 0
1580 1 0
1580 2 0
1580 3 1
1580 4 0
1581 0 0
1581 1 0
1581 2 0
1581 3 0
1581 4 0
1582 0 0
1582 1 0
1582 2 0
1582 3 0
1582 4 0
1583 0 0
1583 1 0
1583 2 0
1583 3 0
1583 4 0
1584 0 0
1584 1 0
1584 2 0
1584 3 0
1584 4 0
1585 0 0
1585 1 0
1585 2 0
1585 3 0
1585 4 0
1586 0 0
1586 1 0
1586 2 0
1586 3 0
1586 4 0
1587 0 0
1587 1 0
1587 2 0
1587 3 0
1587 4 0
1588 0 0
1588 1 0
1588 2 0
1588 3 0
1588 4 0
1589 0 0
1589 1 0
1589 2 0
1589 3 0
1589 4 0
1590 0 0
1590 1 0
1590 2 0
1590 3 0
1590 4 0
1591 0 0
1591 1 0
1591 2 0
1591 3 0
1591 4 0
1592 0 0
1592 1 0
1592 2 0
1592 3 0
1592 4 0
1593 0 0
1593 1 0
1593 2 0
1593 3 0
1593 4 0
1594 0 0
1594 1 0
1594 2 0
1594 3 0
1594 4 0
1595 0 0
1595 1 0
1595 2 0
1595 3 0
1595 4 0
1596 0 0
1596 1 0
1596 2 0
1596 3 0
1596 4 0
1597 0 0
1597 1 0
1597 2 0
1597 3 0
1597 4 0
1598 0 0
1598 1 0
1598 2 0
1598 3 0
1598 4 0
1599 0 0
1599 1 0
1599 2 0
1599 3 0
1599 4 0
1600 0 0
1600 1 0
1600 2 0
1600 3 0
1600 4 0
1601 0 0
1601 1 0
1601 2 0
1601 3 0
1601 4 0
1602 0 0
1602 1 0
1602 2 0
1602 3 0
1602 4 0
1603 0 0
1603 1 0
1603 2 0
1603 3 0
1603 4 0
1604 0 0
1604 1 0
1604 2 0
1604 3 0
1604 4 0
1605 0 0
1605 1 0
1605 2 0
1605 3 1
1605 4 0
1606 0 0
1606 1 0
1606 2 0
1606 3 1
1606 4 0
1607 0 0
1607 1 0
1607 2 0
1607 3 0
1607 4 0
1608 0 0
1608 1 0
1608 2 0
1608 3 0
1608 4 0
1609 0 0
1609 1 0
1609 2 0
1609 3 0
1609 4 0
1610 0 0
1610 1 0
1610 2 0
1610 3 0
1610 4 0
1611 0 0
1611 1 0
1611 2 0
1611 3 0
1611 4 0
1612 0 0
1612 1 0
1612 2 0
1612 3 0
1612 4 0
1613 0 0
1613 1 1
1613 2 1
1613 3 0
1613 4 1
1614 0 0
1614 1 0
1614 2 0
1614 3 0
1614 4 0
1615 0 0
1615 1 0
1615 2 0
1615 3 0
1615 4 0
1616 0 0
1616 1 0
1616 2 0
1616 3 0
1616 4 0
1617 0 0
1617 1 0
1617 2 0
1617 3 0
1617 4 0
1618 0 0
1618 1 0
1618 2 0
1618 3 0
1618 4 0
1619 0 1
1619 1 1
1619 2 1
1619 3 0
1619 4 1
1620 0 0
1620 1 0
1620 2 0
1620 3 0
1620 4 0
1621 0 1
1621 1 1
1621 2 0
1621 3 0
1621 4 1
1622 0 0
1622 1 1
1622 2 0
1622 3 0
1622 4 1
1623 0 0
1623 1 1
1623 2 1
1623 3 0
1623 4 1
1624 0 0
1624 1 0
1624 2 0
1624 3 0
1624 4 0
1625 0 0
1625 1 0
1625 2 0
1625 3 0
1625 4 0
1626 0 0
1626 1 0
1626 2 0
1626 3 0
1626 4 0
1627 0 0
1627 1 0
1627 2 0
1627 3 0
1627 4 0
1628 0 0
1628 1 0
1628 2 0
1628 3 0
1628 4 0
1629 0 0
1629 1 0
1629 2 0
1629 3 0
1629 4 0
1630 0 0
1630 1 0
1630 2 0
1630 3 0
1630 4 0
1631 0 0
1631 1 0
1631 2 0
1631 3 0
1631 4 0
1632 0 0
1632 1 0
1632 2 0
1632 3 0
1632 4 0
1633 0 0
1633 1 0
1633 2 0
1633 3 0
1633 4 0
1634 0 0
1634 1 0
1634 2 0
1634 3 0
1634 4 0
1635 0 0
1635 1 0
1635 2 0
1635 3 0
1635 4 0
1636 0 0
1636 1 0
1636 2 0
1636 3 0
1636 4 0
1637 0 0
1637 1 0
1637 2 0
1637 3 0
1637 4 0
1638 0 0
1638 1 0
1638 2 0
1638 3 0
1638 4 0
1639 0 0
1639 1 0
1639 2 0
1639 3 0
1639 4 0
1640 0 0
1640 1 0
1640 2 0
1640 3 0
1640 4 0
1641 0 0
1641 1 0
1641 2 0
1641 3 0
1641 4 0
1642 0 0
1642 1 0
1642 2 0
1642 3 0
1642 4 0
1643 0 0
1643 1 0
1643 2 0
1643 3 0
1643 4 0
1644 0 0
1644 1 0
1644 2 0
1644 3 0
1644 4 0
1645 0 0
1645 1 0
1645 2 0
1645 3 0
1645 4 0
1646 0 0
1646 1 0
1646 2 0
1646 3 0
1646 4 0
1647 0 0
1647 1 0
1647 2 0
1647 3 0
1647 4 0
1648 0 0
1648 1 0
1648 2 0
1648 3 0
1648 4 0
1649 0 0
1649 1 0
1649 2 0
1649 3 0
1649 4 0
1650 0 0
1650 1 0
1650 2 0
1650 3 0
1650 4 0
1651 0 0
1651 1 0
1651 2 0
1651 3 0
1651 4 0
1652 0 0
1652 1 0
1652 2 0
1652 3 0
1652 4 0
1653 0 0
1653 1 0
1653 2 0
1653 3 0
1653 4 0
1654 0 0
1654 1 0
1654 2 0
1654 3 0
1654 4 0
1655 0 0
1655 1 0
1655 2 0
1655 3 0
1655 4 0
1656 0 0
1656 1 0
1656 2 0
1656 3 0
1656 4 0
1657 0 0
1657 1 0
1657 2 0
1657 3 0
1657 4 0
1658 0 0
1658 1 0
1658 2 0
1658 3 0
1658 4 0
1659 0 0
1659 1 0
1659 2 0
1659 3 0
1659 4 0
1660 0 0
1660 1 0
1660 2 0
1660 3 0
1660 4 0
1661 0 0
1661 1 0
1661 2 0
1661 3 0
1661 4 0
1662 0 0
1662 1 0
1662 2 0
1662 3 0
1662 4 0
1663 0 1
1663 1 0
1663 2 1
1663 3 1
1663 4 0
1664 0 0
1664 1 0
1664 2 0
1664 3 0
1664 4 0
1665 0 0
1665 1 0
1665 2 0
1665 3 1
1665 4 1
1666 0 0
1666 1 0
1666 2 0
1666 3 1
1666 4 1
1667 0 0
1667 1 0
1667 2 0
1667 3 0
1667 4 0
1668 0 1
1668 1 0
1668 2 0
1668 3 1
1668 4 0
1669 0 1
1669 1 0
1669 2 0
1669 3 1
1669 4 0
1670 0 0
1670 1 0
1670 2 0
1670 3 0
1670 4 0
1671 0 0
1671 1 0
1671 2 0
1671 3 1
1671 4 0
1672 0 0
1672 1 0
1672 2 0
1672 3 1
1672 4 0
1673 0 0
1673 1 0
1673 2 0
1673 3 0
1673 4 0
1674 0 0
1674 1 0
1674 2 0
1674 3 0
1674 4 0
1675 0 0
1675 1 0
1675 2 0
1675 3 0
1675 4 0
1676 0 0
1676 1 0
1676 2 0
1676 3 1
1676 4 0
1677 0 0
1677 1 0
1677 2 0
1677 3 1
1677 4 0
1678 0 0
1678 1 1
1678 2 1
1678 3 1
1678 4 0
1679 0 0
1679 1 1
1679 2 1
1679 3 1
1679 4 0
1680 0 1
1680 1 1
1680 2 1
1680 3 1
1680 4 0
1681 0 0
1681 1 0
1681 2 0
1681 3 0
1681 4 0
1682 0 1
1682 1 1
1682 2 1
1682 3 1
1682 4 1
1683 0 1
1683 1 1
1683 2 1
1683 3 1
1683 4 1
1684 0 0
1684 1 1
1684 2 0
1684 3 1
1684 4 1
1685 0 1
1685 1 1
1685 2 1
1685 3 1
1685 4 1
1686 0 0
1686 1 0
1686 2 0
1686 3 0
1686 4 0
1687 0 0
1687 1 0
1687 2 0
1687 3 0
1687 4 0
1688 0 0
1688 1 0
1688 2 0
1688 3 0
1688 4 0
1689 0 0
1689 1 0
1689 2 0
1689 3 0
1689 4 0
1690 0 0
1690 1 0
1690 2 0
1690 3 0
1690 4 0
1691 0 1
1691 1 0
1691 2 0
1691 3 0
1691 4 0
1692 0 0
1692 1 0
1692 2 0
1692 3 0
1692 4 0
1693 0 0
1693 1 0
1693 2 0
1693 3 0
1693 4 0
1694 0 0
1694 1 0
1694 2 0
1694 3 0
1694 4 0
1695 0 0
1695 1 0
1695 2 0
1695 3 0
1695 4 0
1696 0 0
1696 1 0
1696 2 0
1696 3 0
1696 4 0
1697 0 0
1697 1 0
1697 2 0
1697 3 0
1697 4 0
1698 0 0
1698 1 0
1698 2 0
1698 3 0
1698 4 0
1699 0 0
1699 1 0
1699 2 0
1699 3 0
1699 4 0
1700 0 0
1700 1 0
1700 2 1
1700 3 0
1700 4 0
1701 0 0
1701 1 0
1701 2 0
1701 3 0
1701 4 0
1702 0 0
1702 1 0
1702 2 0
1702 3 0
1702 4 0
1703 0 0
1703 1 0
1703 2 0
1703 3 0
1703 4 0
1704 0 0
1704 1 0
1704 2 0
1704 3 0
1704 4 0
1705 0 0
1705 1 0
1705 2 0
1705 3 0
1705 4 0
1706 0 0
1706 1 0
1706 2 0
1706 3 0
1706 4 0
1707 0 0
1707 1 0
1707 2 0
1707 3 0
1707 4 0
1708 0 0
1708 1 0
1708 2 0
1708 3 0
1708 4 0
1709 0 0
1709 1 0
1709 2 1
1709 3 0
1709 4 0
1710 0 0
1710 1 0
1710 2 1
1710 3 0
1710 4 0
1711 0 0
1711 1 0
1711 2 1
1711 3 0
1711 4 0
1712 0 0
1712 1 0
1712 2 0
1712 3 0
1712 4 0
1713 0 0
1713 1 0
1713 2 0
1713 3 0
1713 4 0
1714 0 0
1714 1 0
1714 2 0
1714 3 0
1714 4 0
1715 0 0
1715 1 0
1715 2 0
1715 3 0
1715 4 0
1716 0 0
1716 1 0
1716 2 0
1716 3 0
1716 4 0
1717 0 0
1717 1 0
1717 2 0
1717 3 0
1717 4 0
1718 0 0
1718 1 0
1718 2 0
1718 3 0
1718 4 0
1719 0 0
1719 1 0
1719 2 0
1719 3 0
1719 4 0
1720 0 0
1720 1 0
1720 2 0
1720 3 0
1720 4 0
1721 0 0
1721 1 0
1721 2 0
1721 3 0
1721 4 0
1722 0 0
1722 1 0
1722 2 0
1722 3 0
1722 4 0
1723 0 0
1723 1 0
1723 2 0
1723 3 0
1723 4 0
1724 0 0
1724 1 0
1724 2 0
1724 3 0
1724 4 0
1725 0 0
1725 1 0
1725 2 0
1725 3 0
1725 4 0
1726 0 0
1726 1 0
1726 2 0
1726 3 0
1726 4 0
1727 0 0
1727 1 0
1727 2 0
1727 3 0
1727 4 0
1728 0 0
1728 1 0
1728 2 0
1728 3 0
1728 4 0
1729 0 0
1729 1 0
1729 2 0
1729 3 1
1729 4 0
1730 0 0
1730 1 0
1730 2 0
1730 3 1
1730 4 0
1731 0 0
1731 1 0
1731 2 0
1731 3 1
1731 4 0
1732 0 0
1732 1 0
1732 2 0
1732 3 1
1732 4 0
1733 0 0
1733 1 0
1733 2 0
1733 3 1
1733 4 0
1734 0 0
1734 1 0
1734 2 0
1734 3 1
1734 4 1
1735 0 0
1735 1 0
1735 2 0
1735 3 1
1735 4 0
1736 0 0
1736 1 0
1736 2 0
1736 3 1
1736 4 0
1737 0 0
1737 1 0
1737 2 0
1737 3 1
1737 4 0
1738 0 0
1738 1 0
1738 2 0
1738 3 1
1738 4 0
1739 0 0
1739 1 0
1739 2 0
1739 3 1
1739 4 0
1740 0 0
1740 1 0
1740 2 0
1740 3 1
1740 4 0
1741 0 0
1741 1 0
1741 2 0
1741 3 0
1741 4 0
1742 0 0
1742 1 0
1742 2 0
1742 3 0
1742 4 0
1743 0 0
1743 1 0
1743 2 0
1743 3 0
1743 4 0
1744 0 0
1744 1 0
1744 2 0
1744 3 0
1744 4 0
1745 0 0
1745 1 0
1745 2 0
1745 3 0
1745 4 0
1746 0 0
1746 1 0
1746 2 0
1746 3 0
1746 4 0
1747 0 0
1747 1 0
1747 2 0
1747 3 0
1747 4 0
1748 0 0
1748 1 0
1748 2 0
1748 3 0
1748 4 0
1749 0 0
1749 1 0
1749 2 0
1749 3 0
1749 4 0
1750 0 0
1750 1 0
1750 2 0
1750 3 0
1750 4 0
1751 0 0
1751 1 0
1751 2 0
1751 3 0
1751 4 0
1752 0 0
1752 1 0
1752 2 0
1752 3 0
1752 4 0
1753 0 0
1753 1 0
1753 2 0
1753 3 0
1753 4 0
1754 0 0
1754 1 0
1754 2 0
1754 3 0
1754 4 0
1755 0 0
1755 1 0
1755 2 0
1755 3 0
1755 4 0
1756 0 0
1756 1 0
1756 2 0
1756 3 0
1756 4 0
1757 0 0
1757 1 0
1757 2 0
1757 3 0
1757 4 0
1758 0 0
1758 1 0
1758 2 0
1758 3 0
1758 4 0
1759 0 0
1759 1 0
1759 2 0
1759 3 0
1759 4 0
1760 0 0
1760 1 0
1760 2 0
1760 3 0
1760 4 0
1761 0 0
1761 1 0
1761 2 0
1761 3 0
1761 4 0
1762 0 0
1762 1 0
1762 2 0
1762 3 0
1762 4 0
1763 0 0
1763 1 0
1763 2 0
1763 3 0
1763 4 0
1764 0 0
1764 1 0
1764 2 0
1764 3 0
1764 4 0
1765 0 0
1765 1 0
1765 2 0
1765 3 0
1765 4 0
1766 0 0
1766 1 0
1766 2 0
1766 3 0
1766 4 0
1767 0 0
1767 1 0
1767 2 0
1767 3 0
1767 4 0
1768 0 0
1768 1 0
1768 2 0
1768 3 0
1768 4 0
1769 0 0
1769 1 0
1769 2 0
1769 3 0
1769 4 0
1770 0 0
1770 1 0
1770 2 0
1770 3 0
1770 4 0
1771 0 0
1771 1 0
1771 2 0
1771 3 0
1771 4 0
1772 0 0
1772 1 0
1772 2 0
1772 3 0
1772 4 0
1773 0 0
1773 1 0
1773 2 0
1773 3 0
1773 4 0
1774 0 0
1774 1 0
1774 2 0
1774 3 0
1774 4 0
1775 0 0
1775 1 0
1775 2 0
1775 3 0
1775 4 0
1776 0 0
1776 1 0
1776 2 0
1776 3 0
1776 4 0
1777 0 0
1777 1 0
1777 2 0
1777 3 0
1777 4 0
1778 0 0
1778 1 0
1778 2 0
1778 3 0
1778 4 0
1779 0 0
1779 1 0
1779 2 0
1779 3 0
1779 4 0
1780 0 0
1780 1 0
1780 2 0
1780 3 0
1780 4 0
1781 0 0
1781 1 0
1781 2 0
1781 3 0
1781 4 0
1782 0 0
1782 1 0
1782 2 0
1782 3 0
1782 4 0
1783 0 0
1783 1 0
1783 2 0
1783 3 0
1783 4 0
1784 0 0
1784 1 0
1784 2 0
1784 3 0
1784 4 0
1785 0 0
1785 1 0
1785 2 0
1785 3 0
1785 4 0
1786 0 0
1786 1 0
1786 2 0
1786 3 0
1786 4 0
1787 0 0
1787 1 0
1787 2 0
1787 3 0
1787 4 0
1788 0 0
1788 1 0
1788 2 0
1788 3 0
1788 4 0
1789 0 0
1789 1 0
1789 2 0
1789 3 0
1789 4 0
1790 0 0
1790 1 0
1790 2 0
1790 3 0
1790 4 0
1791 0 0
1791 1 0
1791 2 0
1791 3 0
1791 4 0
1792 0 0
1792 1 0
1792 2 0
1792 3 0
1792 4 0
1793 0 0
1793 1 0
1793 2 0
1793 3 0
1793 4 0
1794 0 0
1794 1 0
1794 2 0
1794 3 0
1794 4 0
1795 0 0
1795 1 0
1795 2 0
1795 3 0
1795 4 0
1796 0 0
1796 1 0
1796 2 0
1796 3 0
1796 4 0
1797 0 0
1797 1 0
1797 2 0
1797 3 0
1797 4 0
1798 0 0
1798 1 0
1798 2 0
1798 3 0
1798 4 0
1799 0 0
1799 1 0
1799 2 0
1799 3 0
1799 4 0
1800 0 0
1800 1 0
1800 2 0
1800 3 0
1800 4 0
1801 0 0
1801 1 0
1801 2 0
1801 3 0
1801 4 0
1802 0 0
1802 1 0
1802 2 0
1802 3 0
1802 4 0
1803 0 0
1803 1 0
1803 2 0
1803 3 0
1803 4 0
1804 0 0
1804 1 0
1804 2 0
1804 3 0
1804 4 0
1805 0 0
1805 1 0
1805 2 0
1805 3 0
1805 4 0
1806 0 0
1806 1 0
1806 2 0
1806 3 0
1806 4 0
1807 0 0
1807 1 0
1807 2 0
1807 3 0
1807 4 0
1808 0 0
1808 1 0
1808 2 0
1808 3 0
1808 4 0
1809 0 0
1809 1 0
1809 2 0
1809 3 0
1809 4 0
1810 0 0
1810 1 0
1810 2 0
1810 3 0
1810 4 0
1811 0 0
1811 1 0
1811 2 0
1811 3 0
1811 4 0
1812 0 0
1812 1 0
1812 2 0
1812 3 0
1812 4 0
1813 0 0
1813 1 0
1813 2 0
1813 3 0
1813 4 0
1814 0 0
1814 1 0
1814 2 0
1814 3 0
1814 4 0
1815 0 0
1815 1 0
1815 2 0
1815 3 0
1815 4 0
1816 0 0
1816 1 0
1816 2 0
1816 3 0
1816 4 0
1817 0 0
1817 1 0
1817 2 0
1817 3 0
1817 4 0
1818 0 0
1818 1 0
1818 2 0
1818 3 0
1818 4 0
1819 0 0
1819 1 0
1819 2 0
1819 3 0
1819 4 0
1820 0 0
1820 1 0
1820 2 0
1820 3 0
1820 4 0
1821 0 0
1821 1 0
1821 2 0
1821 3 0
1821 4 0
1822 0 0
1822 1 0
1822 2 0
1822 3 0
1822 4 0
1823 0 0
1823 1 0
1823 2 0
1823 3 0
1823 4 0
1824 0 0
1824 1 0
1824 2 0
1824 3 0
1824 4 0
1825 0 0
1825 1 0
1825 2 0
1825 3 0
1825 4 0
1826 0 0
1826 1 0
1826 2 0
1826 3 0
1826 4 0
1827 0 0
1827 1 0
1827 2 0
1827 3 0
1827 4 0
1828 0 0
1828 1 0
1828 2 0
1828 3 0
1828 4 0
1829 0 0
1829 1 0
1829 2 0
1829 3 0
1829 4 0
1830 0 0
1830 1 0
1830 2 0
1830 3 0
1830 4 0
1831 0 0
1831 1 0
1831 2 0
1831 3 0
1831 4 0
1832 0 0
1832 1 0
1832 2 0
1832 3 0
1832 4 0
1833 0 0
1833 1 0
1833 2 0
1833 3 0
1833 4 0
1834 0 0
1834 1 0
1834 2 0
1834 3 0
1834 4 0
1835 0 0
1835 1 0
1835 2 0
1835 3 0
1835 4 0
1836 0 0
1836 1 0
1836 2 0
1836 3 0
1836 4 0
1837 0 0
1837 1 0
1837 2 0
1837 3 0
1837 4 0
1838 0 0
1838 1 0
1838 2 0
1838 3 0
1838 4 0
1839 0 0
1839 1 0
1839 2 0
1839 3 0
1839 4 0
1840 0 0
1840 1 0
1840 2 0
1840 3 0
1840 4 0
1841 0 0
1841 1 0
1841 2 0
1841 3 0
1841 4 0
1842 0 0
1842 1 0
1842 2 0
1842 3 0
1842 4 0
1843 0 0
1843 1 0
1843 2 0
1843 3 0
1843 4 0
1844 0 0
1844 1 0
1844 2 0
1844 3 0
1844 4 0
1845 0 0
1845 1 0
1845 2 0
1845 3 0
1845 4 0
1846 0 0
1846 1 0
1846 2 0
1846 3 0
1846 4 0
1847 0 0
1847 1 0
1847 2 0
1847 3 0
1847 4 0
1848 0 0
1848 1 0
1848 2 0
1848 3 0
1848 4 0
1849 0 0
1849 1 0
1849 2 0
1849 3 0
1849 4 0
1850 0 0
1850 1 0
1850 2 0
1850 3 0
1850 4 0
1851 0 0
1851 1 0
1851 2 0
1851 3 0
1851 4 0
1852 0 0
1852 1 0
1852 2 0
1852 3 0
1852 4 0
1853 0 0
1853 1 0
1853 2 0
1853 3 0
1853 4 0
1854 0 0
1854 1 0
1854 2 0
1854 3 0
1854 4 0
1855 0 1
1855 1 0
1855 2 0
1855 3 0
1855 4 0
1856 0 0
1856 1 0
1856 2 0
1856 3 0
1856 4 0
1857 0 0
1857 1 0
1857 2 0
1857 3 0
1857 4 0
1858 0 0
1858 1 0
1858 2 0
1858 3 0
1858 4 0
1859 0 0
1859 1 0
1859 2 0
1859 3 0
1859 4 0
1860 0 0
1860 1 0
1860 2 0
1860 3 0
1860 4 0
1861 0 0
1861 1 0
1861 2 0
1861 3 0
1861 4 0
1862 0 0
1862 1 0
1862 2 0
1862 3 0
1862 4 0
1863 0 0
1863 1 0
1863 2 0
1863 3 0
1863 4 1
1864 0 0
1864 1 0
1864 2 0
1864 3 0
1864 4 0
1865 0 0
1865 1 0
1865 2 0
1865 3 0
1865 4 0
1866 0 0
1866 1 0
1866 2 0
1866 3 0
1866 4 0
1867 0 0
1867 1 0
1867 2 0
1867 3 0
1867 4 0
1868 0 0
1868 1 0
1868 2 0
1868 3 0
1868 4 0
1869 0 0
1869 1 0
1869 2 0
1869 3 0
1869 4 0
1870 0 0
1870 1 0
1870 2 0
1870 3 0
1870 4 0
1871 0 0
1871 1 0
1871 2 0
1871 3 0
1871 4 0
1872 0 0
1872 1 0
1872 2 0
1872 3 0
1872 4 0
1873 0 0
1873 1 0
1873 2 0
1873 3 0
1873 4 0
1874 0 0
1874 1 0
1874 2 0
1874 3 0
1874 4 0
1875 0 0
1875 1 0
1875 2 0
1875 3 0
1875 4 0
1876 0 0
1876 1 0
1876 2 0
1876 3 0
1876 4 0
1877 0 0
1877 1 0
1877 2 0
1877 3 0
1877 4 0
1878 0 0
1878 1 0
1878 2 0
1878 3 0
1878 4 0
1879 0 0
1879 1 0
1879 2 0
1879 3 0
1879 4 1
1880 0 0
1880 1 0
1880 2 1
1880 3 0
1880 4 1
1881 0 0
1881 1 0
1881 2 0
1881 3 0
1881 4 0
1882 0 0
1882 1 0
1882 2 0
1882 3 0
1882 4 0
1883 0 0
1883 1 0
1883 2 0
1883 3 0
1883 4 0
1884 0 0
1884 1 0
1884 2 0
1884 3 1
1884 4 1
1885 0 0
1885 1 0
1885 2 0
1885 3 0
1885 4 0
1886 0 0
1886 1 0
1886 2 0
1886 3 0
1886 4 0
1887 0 1
1887 1 1
1887 2 0
1887 3 0
1887 4 1
1888 0 0
1888 1 0
1888 2 0
1888 3 0
1888 4 0
1889 0 0
1889 1 0
1889 2 0
1889 3 1
1889 4 0
1890 0 0
1890 1 0
1890 2 0
1890 3 0
1890 4 0
1891 0 0
1891 1 0
1891 2 0
1891 3 0
1891 4 0
1892 0 0
1892 1 0
1892 2 0
1892 3 0
1892 4 0
1893 0 0
1893 1 0
1893 2 0
1893 3 0
1893 4 1
1894 0 0
1894 1 0
1894 2 1
1894 3 0
1894 4 1
1895 0 0
1895 1 0
1895 2 1
1895 3 0
1895 4 0
1896 0 0
1896 1 0
1896 2 1
1896 3 0
1896 4 0
1897 0 0
1897 1 0
1897 2 1
1897 3 0
1897 4 0
1898 0 0
1898 1 0
1898 2 0
1898 3 0
1898 4 1
1899 0 0
1899 1 0
1899 2 0
1899 3 0
1899 4 0
1900 0 0
1900 1 0
1900 2 0
1900 3 0
1900 4 0
1901 0 1
1901 1 1
1901 2 0
1901 3 0
1901 4 1
1902 0 1
1902 1 1
1902 2 0
1902 3 0
1902 4 1
1903 0 1
1903 1 1
1903 2 0
1903 3 0
1903 4 1
1904 0 1
1904 1 1
1904 2 0
1904 3 0
1904 4 1
1905 0 1
1905 1 1
1905 2 0
1905 3 0
1905 4 1
1906 0 1
1906 1 1
1906 2 1
1906 3 0
1906 4 1
1907 0 1
1907 1 1
1907 2 0
1907 3 0
1907 4 1
1908 0 1
1908 1 1
1908 2 1
1908 3 0
1908 4 1
1909 0 1
1909 1 1
1909 2 1
1909 3 0
1909 4 1
1910 0 0
1910 1 0
1910 2 0
1910 3 0
1910 4 0
1911 0 1
1911 1 0
1911 2 1
1911 3 0
1911 4 1
1912 0 0
1912 1 0
1912 2 1
1912 3 0
1912 4 1
1913 0 0
1913 1 0
1913 2 1
1913 3 0
1913 4 1
1914 0 0
1914 1 0
1914 2 1
1914 3 0
1914 4 1
1915 0 1
1915 1 1
1915 2 1
1915 3 0
1915 4 1
1916 0 0
1916 1 0
1916 2 0
1916 3 0
1916 4 0
1917 0 0
1917 1 0
1917 2 0
1917 3 0
1917 4 0
1918 0 0
1918 1 0
1918 2 0
1918 3 0
1918 4 0
1919 0 0
1919 1 0
1919 2 0
1919 3 0
1919 4 0
1920 0 0
1920 1 0
1920 2 0
1920 3 0
1920 4 1
1921 0 0
1921 1 1
1921 2 1
1921 3 0
1921 4 0
1922 0 1
1922 1 1
1922 2 1
1922 3 0
1922 4 1
1923 0 1
1923 1 1
1923 2 0
1923 3 0
1923 4 1
1924 0 1
1924 1 1
1924 2 0
1924 3 0
1924 4 1
1925 0 1
1925 1 1
1925 2 1
1925 3 0
1925 4 1
1926 0 0
1926 1 1
1926 2 0
1926 3 0
1926 4 0
1927 0 1
1927 1 1
1927 2 1
1927 3 0
1927 4 1
1928 0 0
1928 1 0
1928 2 0
1928 3 1
1928 4 0
1929 0 0
1929 1 0
1929 2 0
1929 3 1
1929 4 0
1930 0 0
1930 1 0
1930 2 0
1930 3 0
1930 4 0
1931 0 0
1931 1 0
1931 2 0
1931 3 0
1931 4 0
1932 0 0
1932 1 0
1932 2 0
1932 3 0
1932 4 0
1933 0 0
1933 1 0
1933 2 0
1933 3 0
1933 4 0
1934 0 0
1934 1 0
1934 2 0
1934 3 0
1934 4 0
1935 0 0
1935 1 0
1935 2 0
1935 3 0
1935 4 0
1936 0 0
1936 1 0
1936 2 0
1936 3 0
1936 4 0
1937 0 0
1937 1 0
1937 2 0
1937 3 0
1937 4 0
1938 0 0
1938 1 0
1938 2 0
1938 3 0
1938 4 0
1939 0 0
1939 1 0
1939 2 0
1939 3 0
1939 4 0
1940 0 0
1940 1 0
1940 2 0
1940 3 0
1940 4 0
1941 0 0
1941 1 0
1941 2 0
1941 3 0
1941 4 0
1942 0 0
1942 1 0
1942 2 0
1942 3 0
1942 4 0
1943 0 0
1943 1 0
1943 2 0
1943 3 0
1943 4 0
1944 0 1
1944 1 0
1944 2 0
1944 3 1
1944 4 0
1945 0 1
1945 1 0
1945 2 0
1945 3 1
1945 4 0
1946 0 1
1946 1 0
1946 2 0
1946 3 1
1946 4 0
1947 0 0
1947 1 0
1947 2 0
1947 3 0
1947 4 0
1948 0 0
1948 1 0
1948 2 0
1948 3 1
1948 4 0
1949 0 0
1949 1 0
1949 2 0
1949 3 1
1949 4 0
1950 0 0
1950 1 0
1950 2 0
1950 3 1
1950 4 0
1951 0 0
1951 1 0
1951 2 0
1951 3 1
1951 4 0
1952 0 0
1952 1 0
1952 2 0
1952 3 1
1952 4 0
1953 0 0
1953 1 0
1953 2 0
1953 3 1
1953 4 0
1954 0 0
1954 1 0
1954 2 0
1954 3 1
1954 4 0
1955 0 0
1955 1 0
1955 2 0
1955 3 1
1955 4 0
1956 0 0
1956 1 0
1956 2 0
1956 3 1
1956 4 0
1957 0 0
1957 1 0
1957 2 0
1957 3 1
1957 4 0
1958 0 0
1958 1 0
1958 2 0
1958 3 1
1958 4 0
1959 0 0
1959 1 0
1959 2 0
1959 3 0
1959 4 0
1960 0 0
1960 1 0
1960 2 0
1960 3 0
1960 4 1
1961 0 0
1961 1 0
1961 2 0
1961 3 0
1961 4 1
1962 0 0
1962 1 0
1962 2 0
1962 3 0
1962 4 1
1963 0 0
1963 1 0
1963 2 0
1963 3 0
1963 4 0
1964 0 0
1964 1 0
1964 2 0
1964 3 1
1964 4 0
1965 0 1
1965 1 0
1965 2 0
1965 3 1
1965 4 1
1966 0 1
1966 1 0
1966 2 0
1966 3 1
1966 4 1
1967 0 1
1967 1 0
1967 2 0
1967 3 1
1967 4 1
1968 0 1
1968 1 1
1968 2 1
1968 3 1
1968 4 1
1969 0 1
1969 1 0
1969 2 0
1969 3 1
1969 4 1
1970 0 1
1970 1 1
1970 2 1
1970 3 1
1970 4 1
1971 0 0
1971 1 0
1971 2 0
1971 3 1
1971 4 0
1972 0 1
1972 1 0
1972 2 1
1972 3 1
1972 4 1
1973 0 0
1973 1 0
1973 2 0
1973 3 1
1973 4 1
1974 0 0
1974 1 0
1974 2 0
1974 3 1
1974 4 1
1975 0 0
1975 1 0
1975 2 0
1975 3 1
1975 4 1
1976 0 0
1976 1 0
1976 2 0
1976 3 1
1976 4 1
1977 0 0
1977 1 0
1977 2 0
1977 3 1
1977 4 1
1978 0 0
1978 1 0
1978 2 0
1978 3 1
1978 4 1
1979 0 0
1979 1 0
1979 2 0
1979 3 1
1979 4 1
1980 0 0
1980 1 0
1980 2 0
1980 3 1
1980 4 1
1981 0 0
1981 1 0
1981 2 0
1981 3 1
1981 4 1
1982 0 0
1982 1 0
1982 2 0
1982 3 1
1982 4 1
1983 0 0
1983 1 0
1983 2 0
1983 3 1
1983 4 1
1984 0 0
1984 1 0
1984 2 0
1984 3 1
1984 4 1
1985 0 0
1985 1 0
1985 2 0
1985 3 1
1985 4 0
1986 0 0
1986 1 0
1986 2 0
1986 3 1
1986 4 0
1987 0 0
1987 1 0
1987 2 0
1987 3 1
1987 4 0
1988 0 0
1988 1 0
1988 2 0
1988 3 1
1988 4 0
1989 0 0
1989 1 0
1989 2 0
1989 3 1
1989 4 0
1990 0 0
1990 1 0
1990 2 0
1990 3 1
1990 4 0
1991 0 0
1991 1 0
1991 2 0
1991 3 1
1991 4 0
1992 0 0
1992 1 0
1992 2 0
1992 3 1
1992 4 0
1993 0 0
1993 1 0
1993 2 0
1993 3 1
1993 4 1
1994 0 0
1994 1 0
1994 2 0
1994 3 0
1994 4 0
1995 0 0
1995 1 0
1995 2 0
1995 3 1
1995 4 1
1996 0 0
1996 1 0
1996 2 0
1996 3 1
1996 4 1
1997 0 0
1997 1 0
1997 2 0
1997 3 1
1997 4 1
1998 0 0
1998 1 0
1998 2 0
1998 3 1
1998 4 1
1999 0 0
1999 1 0
1999 2 0
1999 3 0
1999 4 0
2000 0 0
2000 1 0
2000 2 0
2000 3 0
2000 4 0
2001 0 0
2001 1 0
2001 2 0
2001 3 0
2001 4 0
2002 0 0
2002 1 0
2002 2 0
2002 3 0
2002 4 0
2003 0 0
2003 1 0
2003 2 0
2003 3 0
2003 4 0
2004 0 0
2004 1 0
2004 2 0
2004 3 0
2004 4 0
2005 0 0
2005 1 0
2005 2 0
2005 3 0
2005 4 0
2006 0 0
2006 1 0
2006 2 0
2006 3 0
2006 4 0
2007 0 0
2007 1 0
2007 2 0
2007 3 0
2007 4 0
2008 0 0
2008 1 0
2008 2 0
2008 3 0
2008 4 0
2009 0 0
2009 1 0
2009 2 0
2009 3 0
2009 4 0
2010 0 0
2010 1 0
2010 2 0
2010 3 0
2010 4 0
2011 0 0
2011 1 0
2011 2 0
2011 3 0
2011 4 0
2012 0 0
2012 1 0
2012 2 0
2012 3 0
2012 4 0
2013 0 0
2013 1 0
2013 2 0
2013 3 0
2013 4 0
2014 0 0
2014 1 0
2014 2 0
2014 3 0
2014 4 0
2015 0 0
2015 1 0
2015 2 0
2015 3 0
2015 4 0
2016 0 0
2016 1 0
2016 2 0
2016 3 0
2016 4 0
2017 0 0
2017 1 0
2017 2 0
2017 3 0
2017 4 0
2018 0 0
2018 1 0
2018 2 0
2018 3 0
2018 4 0
2019 0 0
2019 1 0
2019 2 0
2019 3 0
2019 4 0
2020 0 0
2020 1 0
2020 2 0
2020 3 0
2020 4 0
2021 0 0
2021 1 0
2021 2 0
2021 3 0
2021 4 0
2022 0 0
2022 1 0
2022 2 0
2022 3 0
2022 4 0
2023 0 0
2023 1 0
2023 2 0
2023 3 0
2023 4 0
2024 0 0
2024 1 0
2024 2 0
2024 3 0
2024 4 0
2025 0 0
2025 1 0
2025 2 0
2025 3 0
2025 4 0
2026 0 0
2026 1 0
2026 2 0
2026 3 0
2026 4 0
2027 0 0
2027 1 0
2027 2 0
2027 3 0
2027 4 0
2028 0 0
2028 1 0
2028 2 0
2028 3 0
2028 4 0
2029 0 0
2029 1 0
2029 2 0
2029 3 0
2029 4 0
2030 0 0
2030 1 0
2030 2 0
2030 3 0
2030 4 0
2031 0 0
2031 1 0
2031 2 0
2031 3 0
2031 4 0
2032 0 0
2032 1 0
2032 2 0
2032 3 0
2032 4 0
2033 0 0
2033 1 0
2033 2 0
2033 3 0
2033 4 0
2034 0 0
2034 1 0
2034 2 0
2034 3 0
2034 4 0
2035 0 0
2035 1 0
2035 2 0
2035 3 0
2035 4 0
2036 0 0
2036 1 0
2036 2 0
2036 3 0
2036 4 0
2037 0 0
2037 1 0
2037 2 0
2037 3 0
2037 4 0
2038 0 0
2038 1 0
2038 2 0
2038 3 0
2038 4 0
2039 0 0
2039 1 0
2039 2 0
2039 3 0
2039 4 0
2040 0 0
2040 1 0
2040 2 0
2040 3 0
2040 4 0
2041 0 0
2041 1 0
2041 2 0
2041 3 0
2041 4 0
2042 0 0
2042 1 0
2042 2 0
2042 3 0
2042 4 0
2043 0 0
2043 1 0
2043 2 0
2043 3 0
2043 4 0
2044 0 0
2044 1 0
2044 2 0
2044 3 0
2044 4 0
2045 0 0
2045 1 0
2045 2 0
2045 3 0
2045 4 0
2046 0 0
2046 1 0
2046 2 0
2046 3 0
2046 4 0
2047 0 0
2047 1 0
2047 2 0
2047 3 0
2047 4 0
2048 0 0
2048 1 0
2048 2 0
2048 3 0
2048 4 0
2049 0 0
2049 1 0
2049 2 0
2049 3 0
2049 4 0
2050 0 0
2050 1 0
2050 2 0
2050 3 0
2050 4 0
2051 0 0
2051 1 0
2051 2 0
2051 3 0
2051 4 0
2052 0 0
2052 1 0
2052 2 0
2052 3 0
2052 4 0
2053 0 0
2053 1 0
2053 2 0
2053 3 0
2053 4 0
2054 0 0
2054 1 0
2054 2 0
2054 3 0
2054 4 0
2055 0 1
2055 1 0
2055 2 1
2055 3 0
2055 4 1
2056 0 1
2056 1 1
2056 2 1
2056 3 0
2056 4 1
2057 0 0
2057 1 0
2057 2 0
2057 3 0
2057 4 1
2058 0 0
2058 1 0
2058 2 0
2058 3 0
2058 4 0
2059 0 0
2059 1 0
2059 2 0
2059 3 0
2059 4 0
2060 0 0
2060 1 0
2060 2 0
2060 3 0
2060 4 0
2061 0 0
2061 1 1
2061 2 0
2061 3 0
2061 4 1
2062 0 0
2062 1 0
2062 2 0
2062 3 0
2062 4 0
2063 0 0
2063 1 0
2063 2 0
2063 3 0
2063 4 0
2064 0 0
2064 1 0
2064 2 0
2064 3 0
2064 4 0
2065 0 1
2065 1 1
2065 2 0
2065 3 1
2065 4 1
2066 0 1
2066 1 1
2066 2 0
2066 3 1
2066 4 1
2067 0 1
2067 1 1
2067 2 1
2067 3 0
2067 4 1
2068 0 0
2068 1 0
2068 2 0
2068 3 1
2068 4 0
2069 0 0
2069 1 0
2069 2 0
2069 3 1
2069 4 0
2070 0 0
2070 1 0
2070 2 0
2070 3 0
2070 4 0
2071 0 0
2071 1 1
2071 2 1
2071 3 0
2071 4 1
2072 0 0
2072 1 0
2072 2 0
2072 3 1
2072 4 0
2073 0 0
2073 1 0
2073 2 0
2073 3 1
2073 4 0
2074 0 0
2074 1 0
2074 2 0
2074 3 1
2074 4 0
2075 0 0
2075 1 0
2075 2 0
2075 3 0
2075 4 1
2076 0 0
2076 1 0
2076 2 0
2076 3 0
2076 4 0
2077 0 0
2077 1 0
2077 2 0
2077 3 0
2077 4 0
2078 0 1
2078 1 1
2078 2 1
2078 3 0
2078 4 1
2079 0 0
2079 1 0
2079 2 0
2079 3 0
2079 4 0
2080 0 0
2080 1 0
2080 2 0
2080 3 0
2080 4 0
2081 0 0
2081 1 0
2081 2 0
2081 3 0
2081 4 0
2082 0 0
2082 1 0
2082 2 0
2082 3 0
2082 4 0
2083 0 0
2083 1 0
2083 2 0
2083 3 0
2083 4 0
2084 0 0
2084 1 0
2084 2 0
2084 3 0
2084 4 0
2085 0 0
2085 1 0
2085 2 0
2085 3 0
2085 4 0
2086 0 0
2086 1 0
2086 2 0
2086 3 0
2086 4 0
2087 0 0
2087 1 0
2087 2 0
2087 3 0
2087 4 0
2088 0 0
2088 1 0
2088 2 0
2088 3 0
2088 4 0
2089 0 0
2089 1 0
2089 2 0
2089 3 0
2089 4 0
2090 0 0
2090 1 0
2090 2 0
2090 3 0
2090 4 0
2091 0 0
2091 1 0
2091 2 0
2091 3 0
2091 4 0
2092 0 0
2092 1 0
2092 2 0
2092 3 0
2092 4 0
2093 0 1
2093 1 0
2093 2 1
2093 3 0
2093 4 1
2094 0 0
2094 1 0
2094 2 0
2094 3 0
2094 4 0
2095 0 0
2095 1 0
2095 2 0
2095 3 0
2095 4 0
2096 0 0
2096 1 0
2096 2 0
2096 3 0
2096 4 0
2097 0 0
2097 1 0
2097 2 0
2097 3 0
2097 4 0
2098 0 0
2098 1 0
2098 2 0
2098 3 0
2098 4 0
2099 0 0
2099 1 0
2099 2 0
2099 3 0
2099 4 0
2100 0 0
2100 1 0
2100 2 0
2100 3 0
2100 4 0
2101 0 0
2101 1 0
2101 2 0
2101 3 0
2101 4 0
2102 0 0
2102 1 0
2102 2 0
2102 3 0
2102 4 0
2103 0 0
2103 1 0
2103 2 0
2103 3 0
2103 4 0
2104 0 0
2104 1 0
2104 2 0
2104 3 0
2104 4 0
2105 0 0
2105 1 0
2105 2 0
2105 3 0
2105 4 0
2106 0 0
2106 1 0
2106 2 0
2106 3 0
2106 4 0
2107 0 0
2107 1 0
2107 2 0
2107 3 0
2107 4 0
2108 0 0
2108 1 0
2108 2 0
2108 3 0
2108 4 0
2109 0 0
2109 1 0
2109 2 0
2109 3 0
2109 4 0
2110 0 0
2110 1 0
2110 2 0
2110 3 0
2110 4 0
2111 0 0
2111 1 0
2111 2 0
2111 3 0
2111 4 0
2112 0 0
2112 1 0
2112 2 0
2112 3 0
2112 4 0
2113 0 0
2113 1 0
2113 2 0
2113 3 0
2113 4 0
2114 0 0
2114 1 0
2114 2 0
2114 3 0
2114 4 0
2115 0 0
2115 1 0
2115 2 0
2115 3 0
2115 4 0
2116 0 0
2116 1 0
2116 2 0
2116 3 0
2116 4 0
2117 0 0
2117 1 0
2117 2 0
2117 3 0
2117 4 0
2118 0 0
2118 1 0
2118 2 0
2118 3 0
2118 4 0
2119 0 0
2119 1 0
2119 2 0
2119 3 0
2119 4 0
2120 0 0
2120 1 0
2120 2 0
2120 3 0
2120 4 0
2121 0 0
2121 1 0
2121 2 0
2121 3 0
2121 4 0
2122 0 0
2122 1 0
2122 2 0
2122 3 0
2122 4 0
2123 0 0
2123 1 0
2123 2 0
2123 3 0
2123 4 0
2124 0 0
2124 1 0
2124 2 0
2124 3 0
2124 4 0
2125 0 0
2125 1 0
2125 2 0
2125 3 0
2125 4 0
2126 0 0
2126 1 0
2126 2 0
2126 3 0
2126 4 0
2127 0 0
2127 1 0
2127 2 0
2127 3 0
2127 4 0
2128 0 0
2128 1 0
2128 2 0
2128 3 0
2128 4 0
2129 0 0
2129 1 0
2129 2 0
2129 3 0
2129 4 0
2130 0 0
2130 1 0
2130 2 0
2130 3 0
2130 4 0
2131 0 0
2131 1 0
2131 2 0
2131 3 0
2131 4 0
2132 0 0
2132 1 0
2132 2 0
2132 3 0
2132 4 0
2133 0 0
2133 1 0
2133 2 0
2133 3 0
2133 4 0
2134 0 0
2134 1 0
2134 2 0
2134 3 0
2134 4 0
2135 0 0
2135 1 0
2135 2 0
2135 3 0
2135 4 0
2136 0 0
2136 1 0
2136 2 0
2136 3 0
2136 4 0
2137 0 0
2137 1 0
2137 2 0
2137 3 0
2137 4 0
2138 0 0
2138 1 0
2138 2 0
2138 3 0
2138 4 0
2139 0 0
2139 1 0
2139 2 0
2139 3 0
2139 4 0
2140 0 1
2140 1 0
2140 2 1
2140 3 0
2140 4 1
2141 0 0
2141 1 0
2141 2 0
2141 3 0
2141 4 0
2142 0 0
2142 1 0
2142 2 0
2142 3 0
2142 4 0
2143 0 0
2143 1 0
2143 2 0
2143 3 0
2143 4 0
2144 0 0
2144 1 0
2144 2 0
2144 3 0
2144 4 0
2145 0 0
2145 1 0
2145 2 0
2145 3 0
2145 4 0
2146 0 0
2146 1 0
2146 2 0
2146 3 0
2146 4 0
2147 0 0
2147 1 0
2147 2 0
2147 3 0
2147 4 0
2148 0 0
2148 1 0
2148 2 0
2148 3 0
2148 4 0
2149 0 0
2149 1 0
2149 2 0
2149 3 0
2149 4 0
2150 0 0
2150 1 0
2150 2 0
2150 3 0
2150 4 0
2151 0 0
2151 1 0
2151 2 0
2151 3 0
2151 4 0
2152 0 0
2152 1 0
2152 2 0
2152 3 0
2152 4 0
2153 0 0
2153 1 0
2153 2 0
2153 3 0
2153 4 0
2154 0 0
2154 1 0
2154 2 0
2154 3 0
2154 4 0
2155 0 0
2155 1 0
2155 2 0
2155 3 0
2155 4 0
2156 0 0
2156 1 0
2156 2 0
2156 3 0
2156 4 0
2157 0 0
2157 1 0
2157 2 0
2157 3 0
2157 4 0
2158 0 0
2158 1 0
2158 2 0
2158 3 0
2158 4 0
2159 0 0
2159 1 0
2159 2 0
2159 3 0
2159 4 0
2160 0 0
2160 1 0
2160 2 0
2160 3 0
2160 4 0
2161 0 0
2161 1 0
2161 2 0
2161 3 0
2161 4 0
2162 0 0
2162 1 0
2162 2 0
2162 3 0
2162 4 0
2163 0 0
2163 1 0
2163 2 0
2163 3 0
2163 4 0
2164 0 0
2164 1 0
2164 2 0
2164 3 0
2164 4 0
2165 0 0
2165 1 0
2165 2 0
2165 3 0
2165 4 0
2166 0 0
2166 1 0
2166 2 0
2166 3 0
2166 4 0
2167 0 0
2167 1 0
2167 2 0
2167 3 0
2167 4 0
2168 0 0
2168 1 0
2168 2 0
2168 3 0
2168 4 0
2169 0 0
2169 1 0
2169 2 0
2169 3 0
2169 4 0
2170 0 0
2170 1 0
2170 2 0
2170 3 0
2170 4 0
2171 0 0
2171 1 0
2171 2 0
2171 3 0
2171 4 0
2172 0 0
2172 1 0
2172 2 0
2172 3 0
2172 4 0
2173 0 0
2173 1 0
2173 2 0
2173 3 0
2173 4 0
2174 0 0
2174 1 0
2174 2 0
2174 3 0
2174 4 0
2175 0 0
2175 1 0
2175 2 0
2175 3 0
2175 4 0
2176 0 0
2176 1 0
2176 2 0
2176 3 0
2176 4 0
2177 0 0
2177 1 0
2177 2 0
2177 3 0
2177 4 0
2178 0 0
2178 1 0
2178 2 1
2178 3 0
2178 4 0
2179 0 0
2179 1 0
2179 2 1
2179 3 0
2179 4 0
2180 0 0
2180 1 0
2180 2 0
2180 3 0
2180 4 0
2181 0 0
2181 1 0
2181 2 0
2181 3 0
2181 4 0
2182 0 0
2182 1 0
2182 2 0
2182 3 0
2182 4 0
2183 0 0
2183 1 0
2183 2 0
2183 3 0
2183 4 0
2184 0 0
2184 1 0
2184 2 0
2184 3 0
2184 4 0
2185 0 0
2185 1 0
2185 2 0
2185 3 0
2185 4 0
2186 0 0
2186 1 0
2186 2 0
2186 3 0
2186 4 0
2187 0 0
2187 1 0
2187 2 0
2187 3 0
2187 4 0
2188 0 0
2188 1 0
2188 2 0
2188 3 0
2188 4 0
2189 0 0
2189 1 0
2189 2 0
2189 3 0
2189 4 0
2190 0 0
2190 1 0
2190 2 0
2190 3 0
2190 4 0
2191 0 0
2191 1 0
2191 2 0
2191 3 0
2191 4 0
2192 0 0
2192 1 0
2192 2 0
2192 3 0
2192 4 0
2193 0 0
2193 1 0
2193 2 0
2193 3 0
2193 4 0
2194 0 0
2194 1 0
2194 2 0
2194 3 0
2194 4 0
2195 0 0
2195 1 0
2195 2 0
2195 3 0
2195 4 0
2196 0 0
2196 1 0
2196 2 0
2196 3 0
2196 4 0
2197 0 0
2197 1 0
2197 2 0
2197 3 0
2197 4 0
2198 0 0
2198 1 0
2198 2 0
2198 3 0
2198 4 0
2199 0 0
2199 1 0
2199 2 0
2199 3 0
2199 4 0
2200 0 0
2200 1 0
2200 2 0
2200 3 0
2200 4 0
2201 0 0
2201 1 0
2201 2 0
2201 3 0
2201 4 0
2202 0 0
2202 1 0
2202 2 0
2202 3 0
2202 4 0
2203 0 0
2203 1 0
2203 2 0
2203 3 0
2203 4 0
2204 0 0
2204 1 0
2204 2 0
2204 3 0
2204 4 0
2205 0 0
2205 1 0
2205 2 0
2205 3 0
2205 4 0
2206 0 0
2206 1 0
2206 2 0
2206 3 0
2206 4 0
2207 0 0
2207 1 0
2207 2 0
2207 3 0
2207 4 0
2208 0 0
2208 1 0
2208 2 0
2208 3 0
2208 4 0
2209 0 0
2209 1 0
2209 2 0
2209 3 0
2209 4 0
2210 0 0
2210 1 0
2210 2 0
2210 3 0
2210 4 0
2211 0 0
2211 1 0
2211 2 0
2211 3 0
2211 4 0
2212 0 0
2212 1 0
2212 2 0
2212 3 0
2212 4 0
2213 0 0
2213 1 0
2213 2 0
2213 3 0
2213 4 0
2214 0 0
2214 1 0
2214 2 0
2214 3 0
2214 4 0
2215 0 0
2215 1 0
2215 2 0
2215 3 0
2215 4 0
2216 0 0
2216 1 0
2216 2 0
2216 3 0
2216 4 0
2217 0 0
2217 1 0
2217 2 0
2217 3 0
2217 4 0
2218 0 0
2218 1 0
2218 2 0
2218 3 0
2218 4 0
2219 0 0
2219 1 0
2219 2 0
2219 3 0
2219 4 0
2220 0 0
2220 1 0
2220 2 0
2220 3 0
2220 4 0
2221 0 0
2221 1 0
2221 2 0
2221 3 0
2221 4 0
2222 0 0
2222 1 0
2222 2 0
2222 3 0
2222 4 0
2223 0 0
2223 1 0
2223 2 0
2223 3 0
2223 4 0
2224 0 0
2224 1 0
2224 2 0
2224 3 0
2224 4 0
2225 0 0
2225 1 0
2225 2 0
2225 3 0
2225 4 0
2226 0 0
2226 1 0
2226 2 0
2226 3 0
2226 4 0
2227 0 0
2227 1 0
2227 2 0
2227 3 0
2227 4 0
2228 0 0
2228 1 0
2228 2 0
2228 3 0
2228 4 0
2229 0 0
2229 1 0
2229 2 0
2229 3 0
2229 4 0
2230 0 0
2230 1 0
2230 2 0
2230 3 0
2230 4 0
2231 0 0
2231 1 0
2231 2 0
2231 3 0
2231 4 0
2232 0 0
2232 1 0
2232 2 0
2232 3 0
2232 4 0
2233 0 0
2233 1 0
2233 2 0
2233 3 0
2233 4 0
2234 0 0
2234 1 0
2234 2 0
2234 3 0
2234 4 0
2235 0 0
2235 1 0
2235 2 0
2235 3 0
2235 4 0
2236 0 0
2236 1 0
2236 2 0
2236 3 0
2236 4 0
2237 0 0
2237 1 0
2237 2 0
2237 3 0
2237 4 0
2238 0 0
2238 1 0
2238 2 0
2238 3 0
2238 4 0
2239 0 0
2239 1 0
2239 2 0
2239 3 0
2239 4 0
2240 0 0
2240 1 0
2240 2 0
2240 3 0
2240 4 0
2241 0 0
2241 1 0
2241 2 0
2241 3 0
2241 4 0
2242 0 0
2242 1 0
2242 2 0
2242 3 0
2242 4 0
2243 0 0
2243 1 0
2243 2 0
2243 3 0
2243 4 0
2244 0 0
2244 1 0
2244 2 0
2244 3 0
2244 4 0
