5104 5 1279 3 0.33 0.33 0.34
0 0 1
0 1 1
0 2 2
0 3 2
0 4 1
1 0 0
1 1 0
1 2 0
1 3 0
1 4 2
2 0 0
2 1 0
2 2 0
2 3 0
2 4 2
3 0 0
3 1 0
3 2 0
3 3 0
3 4 2
4 0 1
4 1 1
4 3 1
5 0 1
5 1 1
5 3 1
5 4 1
6 0 1
6 1 1
6 2 2
6 3 1
6 4 1
1041 3 1
1041 4 1
150 3 1
150 4 1
26 3 1
26 4 1
27 3 1
27 4 1
1034 3 1
1034 4 1
4 3 1
4 4 1
37 3 1
37 4 1
916 1 0
916 2 0
916 3 0
916 4 0
27 1 0
27 2 0
27 3 0
19 1 0
19 2 0
19 3 0
19 4 0
194 1 0
194 2 0
194 3 0
194 4 0
716 1 2
716 2 2
716 3 0
716 4 0
1074 3 0
1075 3 0
19 3 0
194 3 0
7 0 0
7 1 2
7 2 2
7 3 0
7 4 2
8 0 0
8 1 2
8 2 2
8 3 0
8 4 2
9 0 1
9 3 1
10 0 1
10 3 1
11 0 1
11 3 1
10 0 1
10 3 1
12 0 1
12 2 1
12 3 1
13 0 1
13 2 1
13 3 1
14 0 0
14 3 0
14 4 2
15 0 0
15 3 0
15 4 2
16 0 0
16 3 0
16 4 2
17 0 0
17 1 1
17 2 1
17 3 0
17 4 0
18 0 0
18 1 1
18 2 1
18 3 0
18 4 0
1049 2 1
20 0 0
20 1 0
20 2 0
20 3 0
20 4 2
21 0 0
21 1 0
21 2 0
21 3 0
21 4 2
22 0 0
22 1 0
22 2 0
22 3 0
22 4 2
23 0 1
23 1 0
23 2 0
23 3 0
24 0 1
24 1 0
24 2 0
24 3 0
25 0 1
25 1 0
25 2 0
25 3 0
26 0 0
26 1 0
26 2 0
28 0 0
28 1 0
28 2 0
28 3 0
28 4 0
29 0 0
29 1 0
29 2 0
29 3 0
29 4 0
16 0 0
16 2 0
1076 3 0
37 3 0
76 3 0
24 3 0
25 3 0
30 0 1
30 1 0
30 3 0
30 4 2
31 0 1
32 0 1
33 0 2
33 1 1
33 2 2
33 3 2
33 4 1
34 0 2
34 1 2
34 2 2
34 3 0
34 4 2
23 0 1
35 0 1
35 1 2
35 3 0
36 0 1
36 1 2
36 3 0
37 0 1
37 1 2
38 0 0
38 1 2
38 3 0
38 4 2
57 1 2
57 3 0
35 1 2
35 3 0
39 0 1
39 1 1
39 2 1
39 3 1
39 4 1
40 0 1
40 1 1
40 2 1
40 3 1
40 4 1
41 0 1
41 1 1
41 2 1
41 3 1
41 4 1
1077 3 1
214 3 1
76 3 1
1078 3 1
1079 3 1
1080 3 1
917 1 2
918 1 2
52 2 0
42 0 0
42 1 0
42 2 0
42 3 0
42 4 2
55 2 0
43 0 0
43 1 0
43 2 0
43 3 0
43 4 0
44 0 0
44 1 0
44 2 0
44 3 0
44 4 0
52 2 0
45 0 0
45 1 0
45 2 0
45 3 0
45 4 0
55 2 0
46 0 2
46 1 2
46 2 2
46 3 2
46 4 2
47 0 2
47 1 2
47 2 2
47 3 2
47 4 2
48 0 2
48 1 2
48 2 2
48 3 2
48 4 2
49 0 2
49 1 2
49 2 2
49 3 2
49 4 2
50 0 2
50 1 2
50 2 2
50 3 2
50 4 2
51 0 2
51 1 2
51 2 2
51 3 2
51 4 2
52 0 2
52 1 2
52 2 2
53 0 2
53 1 2
53 2 2
53 3 2
53 4 2
54 0 2
54 1 2
54 2 2
54 3 2
54 4 2
55 0 2
55 1 2
55 2 2
56 0 2
56 1 2
56 2 2
56 3 2
56 4 2
57 0 2
57 1 2
57 2 2
58 0 2
58 1 2
58 2 2
58 3 2
58 4 2
59 0 2
59 1 2
59 2 2
59 3 2
59 4 2
60 0 2
60 1 2
60 2 2
60 3 2
60 4 2
61 0 2
61 1 2
61 2 2
61 3 2
61 4 2
62 0 2
62 1 2
62 2 2
62 3 2
62 4 2
63 0 2
63 1 2
63 2 2
63 3 2
63 4 2
64 0 2
64 1 2
64 2 2
64 3 2
64 4 2
65 0 2
65 1 2
65 2 2
65 3 2
65 4 2
66 0 2
66 1 2
66 2 2
66 3 2
66 4 2
67 0 2
67 1 2
67 2 2
67 3 2
67 4 2
68 0 2
68 1 2
68 2 2
68 3 2
68 4 2
69 0 2
69 1 2
69 2 2
69 3 2
69 4 2
70 0 2
70 1 2
70 2 2
70 3 2
70 4 2
71 0 2
71 1 2
71 2 2
71 3 2
71 4 2
72 0 2
72 1 2
72 2 2
72 3 2
72 4 2
73 0 2
73 1 2
73 2 2
73 3 2
73 4 2
10 0 2
74 0 2
74 1 2
74 2 2
74 3 2
74 4 2
75 0 2
75 1 2
75 2 2
75 3 2
75 4 2
76 0 2
76 1 2
76 2 2
77 0 2
77 1 2
77 2 2
77 3 2
77 4 2
78 0 2
78 1 2
78 2 2
78 3 2
78 4 2
79 0 2
79 1 2
79 2 2
79 3 2
79 4 2
80 0 2
80 1 2
80 2 2
80 3 2
80 4 2
81 0 2
81 1 2
81 2 2
81 3 2
81 4 2
82 0 2
82 1 2
82 2 2
82 3 2
82 4 2
83 0 2
83 1 2
83 2 2
83 3 2
83 4 2
84 0 2
84 1 2
84 2 2
84 3 2
84 4 2
85 0 2
85 1 2
85 2 2
85 3 2
85 4 2
86 0 2
86 1 2
86 2 2
86 3 2
86 4 2
87 0 2
87 1 2
87 2 2
87 3 2
87 4 2
88 0 2
88 1 2
88 2 2
88 3 2
88 4 2
89 0 2
89 1 2
89 2 2
89 3 2
89 4 2
90 0 2
90 1 2
90 2 2
90 3 2
90 4 2
91 0 2
91 1 2
91 2 2
91 3 2
91 4 2
92 0 2
92 1 2
92 2 2
92 3 2
92 4 2
93 0 2
93 1 2
93 2 2
93 3 2
93 4 2
94 0 2
94 1 2
94 2 2
94 3 2
94 4 2
95 0 2
95 1 2
95 2 2
95 3 2
95 4 2
96 0 2
96 1 2
96 2 2
96 3 2
96 4 2
97 0 2
97 1 2
97 2 2
97 3 2
97 4 2
98 0 2
98 1 2
98 2 2
98 3 2
98 4 2
99 0 2
99 1 2
99 2 2
99 3 2
99 4 2
100 0 2
100 1 2
100 2 2
100 3 2
100 4 2
101 0 2
101 1 2
101 2 2
101 3 2
101 4 2
102 0 2
102 1 2
102 2 2
102 3 2
102 4 2
103 0 2
103 1 2
103 2 2
103 3 2
103 4 2
104 0 2
104 1 2
104 2 2
104 3 2
104 4 2
105 0 2
105 1 2
105 2 2
105 3 2
105 4 2
106 0 2
106 1 2
106 2 2
106 3 2
106 4 2
107 0 2
107 1 2
107 2 2
107 3 2
107 4 2
108 0 2
108 1 2
108 2 2
108 3 2
108 4 2
109 0 2
109 1 2
109 2 2
109 3 2
109 4 2
110 0 2
110 1 2
110 2 2
110 3 2
110 4 2
111 0 2
111 1 2
111 2 2
111 3 2
111 4 2
112 0 2
112 1 2
112 2 2
112 3 2
112 4 2
113 0 2
113 1 2
113 2 2
113 3 2
113 4 2
114 0 2
114 1 2
114 2 2
114 3 2
114 4 2
115 0 2
115 1 2
115 2 2
115 3 2
115 4 2
116 0 2
116 1 2
116 2 2
116 3 2
116 4 2
117 0 2
117 1 2
117 2 2
117 3 2
117 4 2
118 0 2
118 1 2
118 2 2
118 3 2
118 4 2
119 0 2
119 1 2
119 2 2
119 3 2
119 4 2
120 0 2
120 1 2
120 2 2
120 3 2
120 4 2
121 0 2
121 1 2
121 2 2
121 3 2
121 4 2
122 0 2
122 1 2
122 2 2
122 3 2
122 4 2
123 0 2
123 1 2
123 2 2
123 3 2
123 4 2
124 0 2
124 1 2
124 2 2
124 3 2
124 4 2
125 0 2
125 1 2
125 2 2
125 3 2
125 4 2
126 0 2
126 1 2
126 2 2
126 3 2
126 4 2
127 0 2
127 1 2
127 2 2
127 3 2
127 4 2
128 0 2
128 1 2
128 2 2
128 3 2
128 4 2
129 0 2
129 1 2
129 2 2
129 3 2
129 4 2
130 0 2
130 1 2
130 2 2
130 3 2
130 4 2
131 0 2
131 1 2
131 2 2
131 3 2
131 4 2
132 0 2
132 1 2
132 2 2
132 3 2
132 4 2
133 0 2
133 1 2
133 2 2
133 3 2
133 4 2
134 0 2
134 1 2
134 2 2
134 3 2
134 4 2
135 0 2
135 1 2
135 2 2
135 3 2
135 4 2
136 0 2
136 1 2
136 2 2
136 3 2
136 4 2
137 0 2
137 1 2
137 2 2
137 3 2
137 4 2
138 0 2
138 1 2
138 2 2
138 3 2
138 4 2
139 0 2
139 1 2
139 2 2
139 3 2
139 4 2
140 0 2
140 1 2
140 2 2
140 3 2
140 4 2
141 0 2
141 1 2
141 2 2
141 3 2
141 4 2
142 0 2
142 1 2
142 2 2
142 3 2
142 4 2
143 0 2
143 1 2
143 2 2
143 3 2
143 4 2
144 0 2
144 1 2
144 2 2
144 3 2
144 4 2
145 0 2
145 1 2
145 2 2
145 3 2
145 4 2
146 0 2
146 1 2
146 2 2
146 3 2
146 4 2
147 0 2
147 1 2
147 2 2
147 3 2
147 4 2
148 0 2
148 1 2
148 2 2
148 3 2
148 4 2
149 0 2
149 1 2
149 2 2
149 3 2
149 4 2
150 0 2
150 1 2
150 2 2
151 0 2
151 1 2
151 2 2
151 3 2
151 4 2
152 0 2
152 1 2
152 3 1
152 4 2
153 0 2
153 1 2
153 2 1
153 3 1
153 4 2
154 0 2
154 1 2
154 4 2
155 0 2
155 1 2
155 4 2
156 0 2
156 1 2
156 4 2
157 0 2
157 1 2
157 4 2
158 0 2
158 1 2
158 4 2
159 0 2
159 1 2
159 4 2
160 0 2
160 1 2
160 4 2
161 0 2
161 1 2
161 4 2
162 0 2
162 1 2
162 4 2
163 0 2
163 1 2
163 3 1
163 4 2
164 0 2
164 1 2
164 3 1
164 4 2
165 0 2
165 1 2
165 3 1
165 4 2
166 0 2
166 1 2
166 4 2
167 0 2
167 1 2
167 4 2
168 0 2
168 1 2
168 4 2
169 0 2
169 1 2
169 4 2
154 0 2
154 1 2
155 0 2
155 1 2
170 0 2
170 1 2
170 4 2
171 0 2
171 1 2
171 4 2
172 0 2
172 1 2
172 4 2
158 0 2
158 1 2
159 0 2
159 1 2
173 0 2
173 1 2
173 4 2
174 0 2
174 1 2
174 4 2
175 0 2
175 1 2
175 4 2
1081 3 1
1082 3 1
1083 3 1
521 3 1
721 3 1
987 3 1
176 0 2
176 1 1
176 2 1
176 3 1
176 4 1
177 0 2
177 1 1
177 2 2
177 3 1
177 4 1
178 0 0
178 1 0
178 2 0
178 4 0
179 0 0
179 1 0
179 2 0
179 3 0
179 4 0
180 0 0
180 1 0
180 2 0
180 3 0
180 4 0
181 0 0
181 1 0
181 2 0
181 3 0
181 4 0
1081 3 1
1082 3 1
1083 3 1
521 3 1
721 3 1
987 3 1
178 1 0
1084 3 1
1085 3 1
1086 3 1
1087 3 1
1088 3 1
1089 3 1
1089 4 1
1090 3 2
1090 4 2
1084 3 1
1086 3 1
1087 3 1
1091 3 1
182 0 0
182 1 2
182 2 0
182 3 0
182 4 0
183 0 0
183 1 2
183 2 2
183 3 0
183 4 0
184 0 0
184 2 1
184 3 0
185 0 0
185 2 1
185 3 0
448 1 1
448 3 1
919 1 1
919 3 1
1092 3 1
1093 3 1
186 0 0
186 1 1
186 2 1
186 3 1
920 1 1
920 3 1
921 1 1
921 3 1
922 1 1
922 3 1
1050 2 1
1050 3 0
1051 2 1
1051 3 0
1094 3 1
302 3 1
1095 3 1
1096 3 1
1097 3 1
1098 3 1
1099 3 1
1100 3 1
1095 3 1
1096 3 1
1101 3 1
302 3 1
1100 3 1
302 3 1
1052 2 1
1052 3 0
36 2 1
36 3 0
205 2 1
205 3 0
187 0 0
187 1 0
187 2 2
187 3 0
187 4 2
188 0 0
188 1 0
188 2 2
188 3 0
188 4 2
189 0 0
189 1 0
189 2 2
189 3 0
189 4 2
190 0 0
190 2 0
190 3 0
190 4 0
191 0 0
191 2 0
191 3 0
191 4 0
192 0 2
192 1 0
192 2 0
192 3 0
192 4 2
193 0 2
193 1 0
193 2 0
193 3 0
193 4 2
195 0 0
195 1 0
195 3 0
196 0 0
196 1 0
196 3 0
197 0 0
197 1 0
197 3 0
198 0 0
198 1 0
198 3 0
199 0 0
199 1 0
199 3 0
199 4 1
200 0 0
200 1 0
200 3 0
200 4 1
201 0 0
201 1 0
201 3 0
201 4 1
190 0 0
191 0 0
1102 3 1
1103 3 1
1104 3 1
224 3 1
198 3 1
1105 3 1
255 3 1
199 1 1
200 0 0
201 0 0
202 0 0
202 2 0
202 3 1
203 0 0
203 2 0
203 3 1
203 4 0
204 0 0
204 1 0
204 3 1
204 4 2
205 0 0
205 1 0
205 3 1
202 0 0
202 1 0
203 0 0
206 0 1
206 1 1
206 2 1
206 3 0
206 4 1
207 0 1
207 1 1
207 2 1
207 3 2
207 4 1
208 0 1
208 1 1
208 2 1
208 3 2
208 4 1
209 0 1
209 1 1
209 2 1
209 3 2
209 4 1
1106 3 1
1107 3 1
242 3 1
1108 3 1
1109 3 1
1110 3 1
1111 3 1
224 3 1
502 3 1
1112 3 1
1113 3 1
1114 3 1
1115 3 1
214 3 1
1116 3 1
1117 3 1
923 1 1
923 3 2
210 0 0
210 1 1
210 2 0
210 3 0
211 0 0
211 1 1
211 2 0
211 3 0
212 0 1
212 1 1
212 2 2
212 3 0
213 0 1
213 1 1
213 2 2
213 3 0
214 0 1
214 1 1
214 2 2
212 0 1
213 0 1
923 1 1
923 3 2
210 0 0
211 0 0
924 1 0
924 3 0
924 4 0
215 0 1
215 1 0
215 2 2
215 3 0
215 4 0
216 0 1
216 1 0
216 2 2
216 3 1
216 4 0
460 1 1
460 2 2
217 0 2
217 1 1
217 2 2
217 3 0
217 4 1
218 0 0
218 1 0
218 2 2
218 3 0
218 4 2
219 0 0
219 1 0
219 2 2
219 3 0
219 4 2
220 0 0
220 1 0
220 2 2
220 3 0
220 4 2
925 1 0
925 3 0
925 4 2
926 1 0
926 3 0
926 4 2
1118 3 1
1078 3 1
1079 3 1
1119 3 1
311 3 1
1117 3 1
221 0 1
221 2 1
221 3 1
221 4 1
222 0 0
222 3 0
223 0 0
223 3 0
224 0 2
224 1 1
224 2 0
225 0 0
225 1 1
225 3 0
225 4 1
226 0 0
226 1 1
226 3 0
226 4 1
1120 3 1
221 0 1
227 0 2
227 1 2
227 2 2
227 3 2
227 4 2
228 0 2
228 1 2
228 2 2
228 3 2
228 4 2
229 0 2
229 1 2
229 2 2
229 3 2
229 4 2
230 0 2
230 1 2
230 2 2
230 3 2
230 4 2
231 0 2
231 1 2
231 2 2
231 3 2
231 4 2
232 0 2
232 1 2
232 2 2
232 3 2
232 4 2
233 0 2
233 1 2
233 2 2
233 3 2
233 4 2
234 0 2
234 1 2
234 2 2
234 3 2
234 4 2
235 0 2
235 1 2
235 2 2
235 3 2
235 4 2
236 0 2
236 1 2
236 2 2
236 3 2
236 4 2
237 0 2
237 1 2
237 2 2
237 3 2
237 4 2
238 0 2
238 1 2
238 2 2
238 3 2
238 4 2
239 0 2
239 1 2
239 2 2
239 3 2
239 4 2
240 0 2
240 1 2
240 2 2
240 3 2
240 4 2
241 0 2
241 1 2
241 2 2
241 3 2
241 4 2
242 0 2
242 1 2
242 2 2
242 3 2
243 0 2
243 1 2
243 2 2
243 3 2
243 4 2
244 0 2
244 1 2
244 2 2
244 3 2
244 4 2
245 0 2
245 1 2
245 2 2
245 3 2
245 4 2
246 0 2
246 1 2
246 2 2
246 3 2
246 4 2
247 0 2
247 1 2
247 2 2
247 3 2
247 4 2
248 0 2
248 1 2
248 2 2
248 3 2
248 4 2
249 0 2
249 1 2
249 2 2
249 3 2
249 4 2
250 0 2
250 1 2
250 2 2
250 3 2
250 4 2
251 0 2
251 1 2
251 2 2
251 3 2
251 4 2
252 0 2
252 1 2
252 2 2
252 3 2
252 4 2
253 0 2
253 1 2
253 2 2
253 3 2
253 4 2
254 0 2
254 1 2
254 2 2
254 3 2
254 4 2
255 0 2
255 1 2
255 2 2
255 3 2
256 0 2
256 1 2
256 2 2
256 3 2
256 4 2
257 0 2
257 1 2
257 2 2
257 3 2
257 4 2
258 0 2
258 1 2
258 2 2
258 3 2
258 4 2
259 0 2
259 1 2
259 2 2
259 3 2
259 4 2
260 0 2
260 1 2
260 2 2
260 3 2
260 4 2
261 0 2
261 1 2
261 2 2
261 3 2
261 4 2
262 0 2
262 1 2
262 2 2
262 3 2
262 4 2
263 0 2
263 1 2
263 2 2
263 3 2
263 4 2
264 0 2
264 1 2
264 2 2
264 3 2
264 4 2
265 0 2
265 1 2
265 2 2
265 3 2
265 4 2
266 0 2
266 1 2
266 2 2
266 3 2
266 4 2
267 0 2
267 1 2
267 2 2
267 3 2
267 4 2
268 0 2
268 1 2
268 2 2
268 3 2
268 4 2
269 0 2
269 1 2
269 2 2
269 3 2
269 4 2
270 0 2
270 1 2
270 2 2
270 3 2
270 4 2
271 0 2
271 1 2
271 2 2
271 3 2
271 4 2
272 0 2
272 1 2
272 2 2
272 3 2
272 4 2
273 0 2
273 1 2
273 2 2
273 3 2
273 4 2
274 0 2
274 1 2
274 2 2
274 3 2
274 4 2
275 0 2
275 1 2
275 2 2
275 3 2
275 4 2
276 0 2
276 1 2
276 2 2
276 3 2
276 4 2
277 0 2
277 1 2
277 2 2
277 3 2
277 4 2
278 0 2
278 1 2
278 2 2
278 3 2
278 4 2
279 0 2
279 1 2
279 2 2
279 3 2
279 4 2
280 0 2
280 1 2
280 2 2
280 3 2
280 4 2
281 0 2
281 1 2
281 2 2
281 3 2
281 4 2
282 0 2
282 1 2
282 2 2
282 3 2
282 4 2
283 0 2
283 1 2
283 2 2
283 3 2
283 4 2
284 0 2
284 1 2
284 2 2
284 3 2
284 4 2
285 0 2
285 1 2
285 2 2
285 3 2
285 4 2
286 0 2
286 1 2
286 2 2
286 3 2
286 4 2
287 0 2
287 1 2
287 2 2
287 3 2
287 4 2
288 0 2
288 1 2
288 2 2
288 3 2
288 4 2
289 0 2
289 1 2
289 2 2
289 3 2
289 4 2
290 0 2
290 1 2
290 2 2
290 3 2
290 4 2
291 0 2
291 1 2
291 2 2
291 3 2
291 4 2
292 0 2
292 1 2
292 2 2
292 3 2
292 4 2
293 0 2
293 1 2
293 2 2
293 3 2
293 4 2
294 0 2
294 1 2
294 2 2
294 3 2
294 4 2
295 0 2
295 1 2
295 2 2
295 3 2
295 4 2
296 0 2
296 1 2
296 2 2
296 3 2
296 4 2
297 0 2
297 1 2
297 2 2
297 3 2
297 4 2
298 0 2
298 1 2
298 2 2
298 3 2
298 4 2
299 0 2
299 1 2
299 2 2
299 3 2
299 4 2
300 0 2
300 1 2
300 2 2
300 3 2
300 4 2
301 0 2
301 1 2
301 2 2
301 3 2
301 4 2
302 0 2
302 1 2
303 0 2
303 1 2
303 2 2
303 3 2
303 4 2
304 0 2
304 1 2
304 2 2
304 3 2
304 4 2
305 0 2
305 1 2
305 2 2
305 3 2
305 4 2
306 0 2
306 1 2
306 2 2
306 3 2
306 4 2
307 0 2
307 1 2
307 2 2
307 3 2
307 4 2
308 0 2
308 1 2
308 2 2
308 3 2
308 4 2
309 0 2
309 1 2
309 2 2
309 3 2
309 4 2
310 0 2
310 1 2
310 2 2
310 3 2
310 4 2
311 0 2
311 1 2
311 2 2
311 3 2
312 0 2
312 1 2
312 2 2
312 3 2
312 4 2
313 0 2
313 1 2
313 2 2
313 3 2
313 4 2
314 0 2
314 1 2
314 2 2
314 3 2
314 4 2
315 0 2
315 1 2
315 2 2
315 3 2
315 4 2
316 0 2
316 1 2
316 2 2
316 3 2
316 4 2
317 0 2
317 1 2
317 2 2
317 3 2
317 4 2
318 0 2
318 1 2
318 2 2
318 3 2
318 4 2
319 0 2
319 1 2
319 2 2
319 3 2
319 4 2
320 0 2
320 1 2
320 2 2
320 3 2
320 4 2
321 0 2
321 1 2
321 2 2
321 3 2
321 4 2
322 0 2
322 1 2
322 2 2
322 3 2
322 4 2
323 0 2
323 1 2
323 2 2
323 3 2
323 4 2
324 0 0
324 1 0
324 2 0
324 3 0
324 4 2
1121 3 1
1122 3 1
1123 3 1
325 0 0
325 1 0
325 2 0
325 3 0
325 4 0
326 0 0
326 1 0
326 2 0
326 3 0
326 4 0
327 0 0
327 1 0
327 2 0
327 3 0
327 4 0
328 0 2
328 1 2
328 2 2
328 3 2
328 4 2
329 0 2
329 1 2
329 2 2
329 3 2
329 4 2
330 0 2
330 1 2
330 2 2
330 3 2
330 4 2
331 0 2
331 1 2
331 2 2
331 3 2
331 4 2
332 0 2
332 1 2
332 2 2
332 3 2
332 4 2
333 0 2
333 1 2
333 2 2
333 3 2
333 4 2
334 0 2
334 1 2
334 2 2
334 3 2
334 4 2
335 0 2
335 1 2
335 2 2
335 3 2
335 4 2
336 0 2
336 1 2
336 2 2
336 3 2
336 4 2
337 0 2
337 1 2
337 2 2
337 3 2
337 4 2
338 0 2
338 1 2
338 2 2
338 3 2
338 4 2
339 0 2
339 1 2
339 2 2
339 3 2
339 4 2
340 0 2
340 1 2
340 2 2
340 3 2
340 4 2
341 0 2
341 1 2
341 2 2
341 3 2
341 4 2
342 0 2
342 1 2
342 2 2
342 3 2
342 4 2
343 0 2
343 1 2
343 2 2
343 3 2
343 4 2
344 0 2
344 1 2
344 2 2
344 3 2
344 4 2
345 0 2
345 1 2
345 2 2
345 3 2
345 4 2
346 0 2
346 1 2
346 2 2
346 3 2
346 4 2
347 0 2
347 1 2
347 2 2
347 3 2
347 4 2
348 0 2
348 1 2
348 2 2
348 3 2
348 4 2
349 0 2
349 1 2
349 2 2
349 3 2
349 4 2
350 0 2
350 1 2
350 2 2
350 3 2
350 4 2
351 0 2
351 1 2
351 2 2
351 3 2
351 4 2
352 0 2
352 1 2
352 2 2
352 3 2
352 4 2
353 0 2
353 1 2
353 2 2
353 3 2
353 4 2
354 0 2
354 1 2
354 2 2
354 3 2
354 4 2
355 0 2
355 1 2
355 2 2
355 3 2
355 4 2
356 0 2
356 1 2
356 2 2
356 3 2
356 4 2
357 0 2
357 1 2
357 2 2
357 3 2
357 4 2
358 0 2
358 1 2
358 2 2
358 3 2
358 4 2
359 0 2
359 1 2
359 2 2
359 3 2
359 4 2
360 0 2
360 1 2
360 2 2
360 3 2
360 4 2
361 0 2
361 1 2
361 2 2
361 3 2
361 4 2
362 0 2
362 1 2
362 2 2
362 3 2
362 4 2
363 0 2
363 1 2
363 2 2
363 3 2
363 4 2
364 0 2
364 1 2
364 2 2
364 3 2
364 4 2
365 0 2
365 1 2
365 2 2
365 3 2
365 4 2
366 0 2
366 1 2
366 2 2
366 3 2
366 4 2
367 0 2
367 1 2
367 2 2
367 3 2
367 4 2
368 0 2
368 1 2
368 2 2
368 3 2
368 4 2
369 0 2
369 1 2
369 2 2
369 3 2
369 4 2
370 0 2
370 1 2
370 2 2
370 3 2
370 4 2
371 0 2
371 1 2
371 2 2
371 3 2
371 4 2
372 0 2
372 1 2
372 2 2
372 3 2
372 4 2
373 0 2
373 1 2
373 2 2
373 3 2
373 4 2
374 0 2
374 1 2
374 2 2
374 3 2
374 4 2
375 0 2
375 1 2
375 2 2
375 3 2
375 4 2
376 0 2
376 1 2
376 2 2
376 3 2
376 4 2
377 0 2
377 1 2
377 2 2
377 3 2
377 4 2
378 0 2
378 1 2
378 2 2
378 3 2
378 4 2
379 0 2
379 1 2
379 2 2
379 3 2
379 4 2
380 0 2
380 1 2
380 2 2
380 3 2
380 4 2
381 0 2
381 1 2
381 2 2
381 3 2
381 4 2
382 0 2
382 1 2
382 2 2
382 3 2
382 4 2
383 0 2
383 1 2
383 2 2
383 3 2
383 4 2
384 0 2
384 1 2
384 2 2
384 3 2
384 4 2
385 0 2
385 1 2
385 2 2
385 3 2
385 4 2
386 0 2
386 1 2
386 2 2
386 3 2
386 4 2
387 0 2
387 1 2
387 2 2
387 3 2
387 4 2
388 0 2
388 1 2
388 2 2
388 3 2
388 4 2
389 0 2
389 1 2
389 2 2
389 3 2
389 4 2
390 0 2
390 1 2
390 2 2
390 3 2
390 4 2
391 0 2
391 1 2
391 2 2
391 3 2
391 4 2
392 0 2
392 1 2
392 2 2
392 3 2
392 4 2
393 0 2
393 1 2
393 2 2
393 3 2
393 4 2
394 0 2
394 1 2
394 2 2
394 3 2
394 4 2
395 0 2
395 1 2
395 2 2
395 3 2
395 4 2
396 0 2
396 1 2
396 2 2
396 3 2
396 4 2
397 0 2
397 1 2
397 2 2
397 3 2
397 4 2
398 0 2
398 1 2
398 2 2
398 3 2
398 4 2
399 0 2
399 1 2
399 2 2
399 3 2
399 4 2
400 0 2
400 1 2
400 2 2
400 3 2
400 4 2
401 0 2
401 1 2
401 2 2
401 3 2
401 4 2
402 0 2
402 1 2
402 2 2
402 3 2
402 4 2
403 0 2
403 1 2
403 2 2
403 3 2
403 4 2
404 0 2
404 1 2
404 2 2
404 3 2
404 4 2
405 0 2
405 1 2
405 2 2
405 3 2
405 4 2
406 0 2
406 1 2
406 2 2
406 3 2
406 4 2
407 0 2
407 1 2
407 2 2
407 3 2
407 4 2
408 0 2
408 1 2
408 2 2
408 3 2
408 4 2
409 0 2
409 1 2
409 2 2
409 3 2
409 4 2
410 0 2
410 1 2
410 2 2
410 3 2
410 4 2
411 0 2
411 1 2
411 2 2
411 3 2
411 4 2
412 0 2
412 1 2
412 2 2
412 3 2
412 4 2
413 0 2
413 1 2
413 2 2
413 3 2
413 4 2
414 0 2
414 1 2
414 2 2
414 3 2
414 4 2
415 0 2
415 1 2
415 2 2
415 3 2
415 4 2
416 0 2
416 1 2
416 2 2
416 3 2
416 4 2
417 0 2
417 1 2
417 2 2
417 3 2
417 4 2
418 0 2
418 1 2
418 2 2
418 3 2
418 4 2
419 0 2
419 1 2
419 2 2
419 3 2
419 4 2
420 0 2
420 1 2
420 2 2
420 3 2
420 4 2
421 0 2
421 1 2
421 2 2
421 3 2
421 4 2
422 0 2
422 1 2
422 2 2
422 3 2
422 4 2
423 0 2
423 1 2
423 2 2
423 3 2
423 4 2
424 0 2
424 1 2
424 2 2
424 3 2
424 4 2
425 0 2
425 1 2
425 2 2
425 3 2
425 4 2
426 0 2
426 1 2
426 2 2
426 3 2
426 4 2
427 0 2
427 1 2
427 2 2
427 3 2
427 4 2
428 0 2
428 1 2
428 2 2
428 3 2
428 4 2
429 0 2
429 1 2
429 2 2
429 3 2
429 4 2
430 0 2
430 1 2
430 2 2
430 3 2
430 4 2
431 0 2
431 1 2
431 2 2
431 3 2
431 4 2
432 0 2
432 1 2
432 2 2
432 3 2
432 4 2
433 0 2
433 1 2
433 2 2
433 3 2
433 4 2
434 0 2
434 1 2
434 2 2
434 3 2
434 4 2
435 0 2
435 1 2
435 2 2
435 3 2
435 4 2
436 0 2
436 1 2
436 2 2
436 3 2
436 4 2
437 0 2
437 1 2
437 2 2
437 3 2
437 4 2
438 0 2
438 1 2
438 2 2
438 3 2
438 4 2
439 0 2
439 1 2
439 2 2
439 3 2
439 4 2
440 0 2
440 1 2
440 2 2
440 3 2
440 4 2
441 0 2
441 1 2
441 2 2
441 3 2
441 4 2
442 0 2
442 1 2
442 2 2
442 3 2
442 4 2
443 0 2
443 1 2
443 2 2
443 3 2
443 4 2
444 0 2
444 1 2
444 2 2
444 3 2
444 4 2
445 0 2
445 1 2
445 2 2
445 3 2
445 4 2
446 0 2
446 1 2
446 2 2
446 3 2
446 4 2
447 0 2
447 1 2
447 2 2
447 3 2
447 4 2
448 0 2
448 1 2
448 2 2
449 0 2
449 1 2
449 2 2
449 3 2
449 4 2
450 0 2
450 1 2
450 2 2
450 3 2
450 4 2
451 0 2
451 1 2
451 2 2
451 3 2
451 4 2
452 0 2
452 1 2
452 2 2
452 3 2
452 4 2
1053 2 2
1053 4 2
1054 2 2
1054 4 2
453 2 2
453 4 2
454 2 2
454 4 2
1055 2 2
1055 4 2
1056 2 2
1056 4 2
1055 2 2
1055 4 2
1053 2 2
1053 4 2
453 0 1
453 2 2
453 4 2
1057 2 2
1057 4 2
1058 2 2
1058 4 2
1059 2 2
1059 4 2
980 2 2
980 4 2
454 0 2
454 1 0
454 2 2
455 0 2
455 1 0
455 2 2
455 3 0
455 4 2
1060 2 2
1060 4 2
1061 2 2
1061 4 2
1062 2 2
1062 4 2
1053 2 2
1063 2 2
1063 4 2
1064 2 2
1064 4 2
1065 2 2
1065 4 2
1066 2 2
1066 4 2
166 2 2
166 4 2
456 0 0
456 1 0
456 2 0
456 3 0
456 4 2
457 0 0
457 1 0
457 2 0
457 3 0
457 4 2
458 0 0
458 1 0
458 2 0
458 3 0
458 4 2
459 0 0
459 1 0
459 2 0
459 3 0
459 4 2
460 0 0
460 1 0
460 2 0
461 0 0
461 1 0
461 2 0
461 3 0
461 4 0
462 0 0
462 1 0
462 2 0
462 3 0
462 4 0
463 0 0
463 1 0
463 2 0
463 3 0
463 4 0
464 0 0
464 1 0
464 2 0
464 3 0
464 4 0
465 0 2
465 1 1
465 2 1
465 3 0
465 4 1
466 0 0
466 1 1
466 2 2
466 3 0
466 4 2
467 0 2
467 1 2
467 2 2
467 3 0
467 4 2
468 0 2
468 1 2
468 2 2
468 3 0
468 4 2
469 0 2
469 1 2
469 2 2
469 3 0
469 4 2
470 0 2
470 1 2
470 2 2
470 3 0
470 4 2
927 1 2
927 2 2
927 4 2
928 1 2
928 2 2
928 3 0
928 4 2
486 1 2
486 2 2
486 3 0
486 4 2
929 1 2
929 2 2
929 3 0
929 4 2
930 1 2
930 2 2
930 4 2
931 1 2
931 2 2
931 4 2
932 1 2
932 2 2
932 4 2
933 1 2
933 2 2
933 4 2
934 1 2
934 2 2
934 3 2
934 4 2
935 1 2
935 2 2
935 3 2
935 4 2
936 1 2
936 2 2
936 3 2
936 4 2
937 1 2
937 2 2
937 4 2
938 1 2
938 2 2
938 4 2
939 1 2
939 2 2
939 4 2
471 0 0
471 1 0
471 2 0
471 3 0
471 4 0
940 1 0
941 1 0
472 1 0
472 0 0
472 1 0
472 2 0
472 3 0
473 0 0
473 1 0
473 2 0
473 3 0
473 4 2
873 3 1
1124 3 1
1125 3 1
861 3 1
940 1 0
940 3 0
942 1 0
942 3 0
1126 3 0
474 0 0
474 1 0
474 3 0
475 0 0
475 1 0
475 3 0
476 0 0
476 1 0
476 3 0
943 1 0
943 3 0
474 1 0
474 3 0
475 1 0
475 3 0
477 0 0
477 1 0
477 3 0
476 0 0
476 1 0
478 0 0
478 1 0
478 2 0
478 4 0
478 0 0
943 1 0
943 3 0
485 2 0
485 3 0
479 0 0
479 1 1
479 2 0
479 3 0
186 0 0
480 0 2
480 2 2
480 3 0
480 4 1
481 0 2
481 2 2
481 3 0
481 4 1
485 2 0
485 3 0
479 0 0
482 0 1
483 0 0
483 2 2
483 3 0
484 0 0
484 2 2
484 3 0
486 2 1
480 0 0
481 0 0
485 0 0
483 2 1
483 3 0
484 2 1
484 3 0
1067 2 1
487 0 1
487 1 0
487 2 0
487 3 1
487 4 2
488 0 0
488 1 0
488 2 0
488 3 0
488 4 2
489 0 0
489 1 0
489 3 0
489 4 2
490 0 0
490 1 0
490 2 0
490 3 0
490 4 0
491 0 0
491 1 0
491 2 0
491 3 0
491 4 0
1068 3 0
934 2 1
482 0 1
482 2 1
482 3 0
1068 2 1
492 0 2
492 1 0
492 2 1
492 3 0
492 4 1
493 0 2
493 1 0
493 2 1
493 3 0
493 4 1
494 0 2
494 1 0
494 2 1
494 3 0
494 4 1
1127 3 1
1128 3 1
1129 3 1
1130 3 1
606 3 1
1129 3 1
1130 3 1
660 3 1
944 1 0
944 3 0
928 1 0
495 0 1
495 1 0
495 2 1
495 3 0
496 0 1
496 1 0
496 2 1
496 4 1
497 0 0
497 1 0
497 2 0
497 3 0
497 4 0
498 0 0
498 1 0
498 2 2
498 3 0
498 4 2
1131 3 0
1131 4 2
499 0 0
499 1 0
499 2 2
499 3 0
499 4 2
1132 3 1
1133 3 1
1134 3 1
1135 3 1
1136 3 1
1137 3 1
1138 3 1
503 3 1
1139 3 1
1140 3 1
1141 3 1
1069 3 1
1070 3 1
1142 3 1
1069 3 1
1070 3 1
503 3 1
1143 3 1
1144 3 1
1138 3 1
503 3 1
1139 3 1
1140 3 1
763 3 1
500 2 1
500 3 1
1141 3 1
1069 2 1
1069 3 1
1070 2 1
1070 3 1
1145 3 1
1146 3 1
500 2 1
500 3 1
793 2 1
793 3 1
500 2 1
1142 3 1
1069 2 1
1070 2 1
1019 3 1
1147 3 1
1148 3 1
503 3 1
1144 3 1
1149 3 1
197 0 1
197 2 2
501 0 2
501 2 1
501 3 0
502 0 2
502 2 1
502 3 0
1150 3 1
1141 3 1
514 3 1
503 0 1
1151 3 2
1151 4 1
504 0 0
504 1 0
504 2 0
504 3 0
504 4 0
505 0 0
505 1 0
505 2 0
505 3 0
505 4 0
506 0 2
506 1 1
506 2 2
506 3 0
506 4 2
507 0 2
507 1 2
507 2 2
507 3 0
507 4 2
945 1 2
945 3 0
946 1 2
946 3 0
508 0 0
508 1 0
508 2 0
508 3 0
508 4 0
509 0 0
509 1 0
509 2 0
509 3 0
509 4 0
510 0 0
510 1 0
510 2 0
510 3 0
510 4 0
511 0 0
511 1 0
511 2 0
511 3 0
511 4 0
512 0 0
512 1 0
512 2 0
512 3 0
512 4 0
513 0 0
513 1 0
513 2 0
513 3 0
513 4 0
514 0 0
514 1 1
514 3 0
514 4 2
515 0 0
515 1 1
515 2 2
515 3 0
515 4 2
1152 3 0
516 0 2
516 2 2
516 3 0
516 4 1
502 0 2
517 0 2
517 2 2
517 4 1
516 0 0
518 0 0
518 1 0
518 2 0
518 3 0
518 4 0
519 0 0
519 1 0
519 2 0
519 3 0
519 4 0
520 0 1
520 1 1
520 2 1
520 3 2
520 4 1
521 0 1
521 1 1
521 2 1
522 0 1
522 1 1
522 2 1
522 3 2
522 4 1
523 0 1
523 1 1
523 2 1
523 3 2
523 4 1
524 0 1
524 1 1
524 2 1
524 3 0
524 4 1
525 0 1
525 1 1
525 2 1
525 3 0
525 4 1
526 0 1
526 1 1
526 2 1
526 3 0
526 4 1
527 0 1
527 1 1
527 2 1
527 3 0
527 4 1
947 1 1
947 2 2
947 3 0
947 4 1
554 1 1
554 2 2
554 3 0
554 4 1
947 1 1
948 1 1
948 2 1
948 3 0
948 4 1
949 1 0
949 2 0
950 1 0
950 2 0
950 3 0
950 4 0
528 0 0
528 1 1
528 2 2
528 3 0
528 4 1
529 0 0
529 1 1
529 2 2
529 3 0
529 4 1
530 0 0
530 1 1
530 2 2
530 3 0
530 4 1
1153 3 1
1154 3 1
531 0 0
531 1 0
531 2 0
531 3 1
531 4 0
532 0 0
532 1 0
532 2 0
532 3 1
532 4 0
1155 3 1
1154 3 1
1156 3 1
1156 4 0
533 0 0
533 1 0
533 2 2
533 3 1
533 4 0
872 3 1
872 4 0
534 0 0
534 1 0
534 2 0
534 3 1
534 4 0
535 0 0
535 3 1
535 4 0
1157 3 1
1158 3 1
1159 3 1
536 0 0
536 1 0
536 2 0
536 3 0
536 4 2
537 0 0
537 1 0
537 2 0
537 3 0
537 4 2
538 0 0
538 1 0
538 2 0
538 3 0
538 4 2
539 0 0
539 1 0
539 2 0
539 3 0
539 4 2
1160 3 1
1161 3 1
1162 3 1
1163 3 1
540 0 2
540 1 1
540 2 2
540 3 0
540 4 1
541 0 2
541 1 1
541 2 2
541 3 0
541 4 1
517 2 1
1164 4 2
542 0 2
542 1 0
542 2 0
542 4 2
543 0 2
543 1 0
543 2 0
543 4 2
544 0 2
544 1 0
544 2 0
544 4 2
1164 3 1
1164 4 2
542 0 2
543 0 2
544 0 2
545 0 2
545 1 0
545 2 0
545 4 2
546 0 1
546 1 1
546 2 1
546 3 0
546 4 2
951 1 1
951 2 1
951 4 2
1019 3 1
1165 3 1
1138 3 1
545 0 2
1166 3 1
689 1 0
547 0 0
547 1 0
547 2 0
547 3 0
547 4 0
548 0 0
548 1 0
548 2 0
548 3 0
548 4 0
549 0 0
549 1 0
549 3 0
549 4 2
550 0 0
550 1 0
550 2 2
550 3 0
550 4 2
1167 3 0
1167 4 0
689 1 0
549 0 0
952 1 1
952 2 1
952 3 1
953 1 1
953 2 1
953 3 1
551 0 0
551 1 0
551 3 0
552 0 0
552 1 0
552 2 2
552 3 0
552 4 1
553 0 0
553 1 0
553 2 0
553 3 0
553 4 1
554 0 0
555 0 0
555 1 0
555 2 0
555 3 0
555 4 0
556 0 1
556 3 0
556 4 1
557 0 0
557 1 0
557 2 0
557 3 0
557 4 1
558 0 0
558 1 0
558 2 0
558 3 1
558 4 0
551 0 0
551 1 0
559 0 1
559 1 1
559 2 2
559 3 0
559 4 1
560 0 0
560 1 0
560 2 0
560 3 0
560 4 0
561 0 0
561 1 0
561 2 0
561 3 0
561 4 2
1071 2 0
1071 3 0
563 2 0
563 3 0
562 0 1
562 1 0
562 2 0
562 3 0
563 0 1
563 1 0
563 2 0
564 0 1
564 1 0
564 2 0
564 3 0
1168 3 1
1169 3 1
1170 3 1
1169 3 1
1170 3 1
1171 3 1
565 0 2
565 1 0
565 2 0
565 3 0
566 0 2
566 1 0
566 2 0
566 3 0
567 0 2
567 1 0
567 2 0
567 3 0
792 2 1
792 3 0
568 0 0
568 1 0
568 2 1
568 4 2
980 3 1
1172 3 1
1173 3 1
1174 3 1
1169 3 1
1170 3 1
1175 3 1
954 1 2
954 2 0
954 3 0
569 0 1
569 1 2
569 2 0
569 3 0
569 4 0
570 0 1
570 1 2
570 2 0
570 3 0
570 4 0
571 0 0
571 1 0
571 2 2
571 3 0
571 4 0
572 0 0
572 1 0
572 2 2
572 3 0
572 4 1
955 1 0
956 1 0
956 2 0
957 1 0
957 2 0
957 3 0
573 0 1
573 1 1
573 3 2
573 4 1
574 0 1
574 1 1
574 3 2
574 4 1
575 0 1
575 1 1
575 3 2
575 4 1
576 0 1
576 1 1
576 3 2
576 4 1
577 0 1
577 1 1
577 3 2
577 4 1
13 1 1
13 4 1
954 1 0
954 2 0
578 0 0
578 1 0
578 2 0
578 3 0
578 4 0
579 0 0
579 1 0
579 2 0
579 3 0
579 4 0
580 0 1
580 1 1
580 2 1
580 3 1
580 4 1
581 0 1
581 1 1
581 2 1
581 3 1
581 4 1
958 1 1
958 3 1
959 1 1
959 3 1
960 1 1
960 3 1
961 1 1
961 3 1
962 1 1
962 3 1
963 1 1
963 3 1
964 1 1
964 3 1
1176 3 1
1127 3 1
582 0 2
582 1 2
582 2 2
582 3 1
582 4 2
583 0 2
583 1 2
583 2 2
583 4 2
584 0 2
584 1 2
584 2 2
584 4 2
585 0 2
585 1 2
585 2 2
585 4 2
586 0 2
586 1 2
586 2 2
586 4 2
587 0 2
587 1 2
587 2 2
587 4 2
588 0 2
588 1 2
588 2 2
588 4 2
589 0 2
589 1 2
589 2 2
589 3 1
589 4 2
590 0 2
590 1 2
590 2 2
590 4 2
591 0 2
591 1 2
591 2 2
591 4 2
592 0 2
592 1 2
592 2 2
592 4 2
593 0 2
593 1 2
593 2 2
593 4 2
583 0 2
584 0 2
585 0 2
586 0 2
594 0 2
594 1 2
594 2 2
594 4 2
595 0 2
595 1 2
595 2 2
595 4 2
596 0 2
596 1 2
596 2 2
596 4 2
597 0 2
597 1 2
597 2 2
597 4 2
598 0 2
598 1 2
598 2 2
598 4 2
599 0 2
599 1 2
599 2 2
599 4 2
600 0 2
600 1 2
600 2 2
600 4 2
601 0 2
601 1 2
601 2 2
601 4 2
602 0 2
602 1 2
602 2 2
602 4 2
603 0 2
603 1 2
603 2 2
603 4 2
604 0 2
604 1 2
604 2 2
604 4 2
605 0 2
605 1 2
605 2 2
605 4 2
606 0 2
606 1 2
606 2 2
606 4 2
607 0 2
607 1 2
607 2 2
607 3 1
607 4 2
608 0 2
608 1 2
608 2 2
608 4 2
609 0 2
609 1 2
609 2 2
609 4 2
610 0 2
610 1 2
610 2 2
610 4 2
611 0 2
611 1 2
611 2 2
611 4 2
612 0 2
612 1 2
612 2 2
612 4 2
613 0 2
613 1 2
613 2 2
613 4 2
614 0 2
614 1 2
614 2 2
614 4 2
615 0 2
615 1 2
615 2 2
615 4 2
616 0 2
616 1 2
616 2 2
616 4 2
617 0 2
617 1 2
617 2 2
617 4 2
587 0 2
618 0 2
618 1 2
618 2 2
618 4 2
619 0 1
619 1 0
619 3 0
619 4 1
620 0 2
620 1 2
620 2 2
620 3 1
620 4 2
575 0 2
621 0 2
621 1 2
621 2 2
621 3 1
621 4 2
622 0 2
622 1 2
622 2 2
622 3 1
622 4 2
623 0 2
623 1 2
623 2 2
623 4 2
624 0 2
624 1 2
624 2 2
624 3 1
624 4 2
625 0 2
625 1 2
625 2 2
625 4 2
626 0 2
626 1 2
626 2 2
626 4 2
627 0 2
627 1 2
627 2 2
627 4 2
628 0 2
628 1 2
628 2 2
628 4 2
629 0 2
629 1 2
629 2 2
629 4 2
630 0 2
630 1 2
630 2 2
630 4 2
631 0 2
631 1 2
631 2 2
631 4 2
632 0 2
632 1 2
632 2 2
632 4 2
633 0 2
633 1 2
633 2 2
633 3 1
633 4 2
634 0 2
634 1 2
634 2 2
634 3 1
634 4 2
635 0 2
635 1 2
635 2 2
635 4 2
636 0 2
636 1 2
636 2 2
636 4 2
637 0 2
637 1 2
637 2 2
637 4 2
638 0 2
638 1 2
638 2 2
638 4 2
639 0 2
639 1 2
639 2 2
639 4 2
640 0 2
640 1 2
640 2 2
640 4 2
641 0 2
641 1 2
641 2 2
641 4 2
642 0 2
642 1 2
642 2 2
642 4 2
643 0 2
643 1 2
643 2 2
643 4 2
638 0 2
644 0 2
644 1 2
644 2 2
644 4 2
645 0 2
645 1 2
645 2 2
645 4 2
646 0 2
646 1 2
646 2 2
646 4 2
647 0 2
647 1 2
647 2 2
647 4 2
648 0 2
648 1 2
648 2 2
648 4 2
649 0 2
649 1 2
649 2 2
649 4 2
650 0 2
650 1 2
650 2 2
650 4 2
651 0 2
651 1 2
651 2 2
651 4 2
652 0 2
652 1 2
652 2 2
652 4 2
653 0 2
653 1 2
653 2 2
653 4 2
654 0 2
654 1 2
654 2 2
654 4 2
655 0 2
655 1 2
655 2 2
655 4 2
573 0 2
656 0 2
656 1 2
656 2 2
656 3 1
656 4 2
629 0 2
657 0 2
657 1 2
657 2 2
657 4 2
658 0 2
658 1 2
658 2 2
658 4 2
659 0 2
659 1 2
659 2 2
659 4 2
658 0 2
660 0 2
660 1 2
660 2 2
660 3 1
661 0 2
661 1 2
661 2 2
661 4 2
662 0 2
662 1 2
662 2 2
662 4 2
663 0 2
663 1 2
663 2 2
663 4 2
664 0 2
664 1 2
664 2 2
664 4 2
665 0 2
665 1 2
665 2 2
665 4 2
666 0 2
666 1 2
666 2 2
666 4 2
662 0 2
667 0 2
667 1 2
667 2 2
667 4 2
649 0 2
668 0 2
668 1 2
668 2 2
668 4 2
669 0 2
669 1 2
669 2 2
669 4 2
670 0 2
670 1 2
670 2 2
670 4 2
671 0 2
671 1 2
671 2 2
671 4 2
672 0 2
672 1 2
672 2 2
672 4 2
665 0 2
673 0 2
673 1 2
673 2 2
673 4 2
674 0 2
674 1 2
674 2 2
674 4 2
675 0 2
675 1 2
675 2 2
675 4 2
676 0 2
676 1 2
676 2 2
676 4 2
651 0 2
677 0 2
677 1 2
677 2 2
677 4 2
678 0 2
678 1 2
678 2 2
678 4 2
654 0 2
679 0 2
679 1 2
679 2 2
679 4 2
680 0 2
680 1 2
680 2 2
680 4 2
681 0 2
681 1 2
681 2 2
681 4 2
682 0 2
682 1 2
682 2 2
682 4 2
674 0 2
978 4 1
965 1 0
965 4 1
966 1 0
966 4 1
683 0 0
683 1 0
683 2 1
683 3 0
683 4 1
684 0 0
684 1 0
684 2 1
684 3 0
684 4 1
978 3 1
978 4 1
965 1 0
965 3 1
965 4 1
966 1 0
966 3 1
966 4 1
685 0 0
685 1 0
685 2 2
685 3 0
685 4 1
686 0 0
686 1 0
686 2 2
686 3 0
686 4 1
863 3 1
1177 3 1
1178 3 1
1085 3 1
1072 2 1
687 0 1
687 2 1
687 3 0
687 4 1
688 0 1
688 2 1
688 3 0
688 4 1
1179 3 1
1180 3 1
1073 2 0
1073 3 1
1082 3 1
978 4 1
1072 3 1
1177 3 1
1178 3 1
1085 3 1
1181 3 1
1182 3 1
755 1 0
755 3 0
755 4 1
967 1 0
967 3 0
967 4 1
15 0 0
15 3 0
689 0 0
689 1 0
689 2 0
690 0 0
690 1 0
690 2 0
690 3 0
690 4 2
691 0 0
691 1 0
691 2 0
691 3 0
691 4 2
692 0 0
692 1 0
692 2 0
692 3 0
692 4 2
1183 3 0
1183 4 2
693 0 0
693 1 0
693 2 0
693 3 0
693 4 2
1269 4 2
1184 3 0
694 0 0
694 3 0
695 0 0
695 3 0
696 0 2
696 1 1
696 2 1
696 3 0
696 4 1
226 0 2
697 0 0
697 1 0
697 2 0
697 3 0
697 4 0
698 0 0
698 1 0
698 2 0
698 3 0
698 4 0
707 1 0
707 2 0
707 3 0
707 4 0
699 0 0
699 3 0
700 0 0
700 3 0
701 0 1
701 1 1
701 2 1
701 3 2
701 4 1
956 3 0
702 0 2
702 1 1
702 2 1
702 3 1
702 4 1
703 0 2
703 1 2
703 2 0
703 3 1
703 4 1
704 0 2
704 1 2
704 2 0
704 3 1
704 4 1
902 3 1
705 0 2
705 1 2
705 2 2
705 3 1
705 4 1
1185 3 1
1186 3 1
1187 3 1
1188 3 1
706 0 0
706 2 0
706 3 0
1189 3 0
707 3 0
1190 3 0
706 0 0
706 2 0
708 0 0
708 3 0
1191 3 1
1192 3 1
1193 3 1
712 1 0
712 2 0
712 3 0
712 4 0
710 1 0
710 3 0
709 0 0
709 1 1
709 2 1
709 3 0
709 4 1
710 0 0
710 1 1
710 3 0
1194 3 0
711 0 0
711 1 0
711 2 0
711 3 0
711 4 0
712 0 0
713 0 0
713 1 0
713 2 0
713 3 0
713 4 0
714 0 1
714 1 1
714 2 2
714 3 0
714 4 1
715 0 2
715 1 1
715 3 0
715 4 1
716 0 2
717 0 0
717 1 1
717 3 0
717 4 1
718 0 0
718 1 1
718 2 2
718 3 0
718 4 1
719 0 2
719 1 2
719 2 2
719 3 2
719 4 2
720 0 2
720 1 2
720 2 2
720 3 2
720 4 2
721 0 2
721 1 2
721 2 2
722 0 2
722 1 2
722 2 2
722 3 2
722 4 2
723 0 2
723 1 2
723 2 2
723 3 2
723 4 2
724 0 2
724 1 2
724 2 2
724 3 2
724 4 2
725 0 2
725 1 2
725 2 2
725 3 2
725 4 2
643 0 2
726 0 2
726 1 2
726 2 2
726 3 2
726 4 2
619 0 2
727 0 2
727 1 2
727 2 2
727 3 2
727 4 2
728 0 2
728 1 2
728 2 2
728 3 2
728 4 2
729 0 2
729 1 2
729 2 2
729 3 2
729 4 2
730 0 2
730 1 2
730 2 2
730 3 2
730 4 2
652 0 2
731 0 2
731 1 2
731 2 2
731 3 2
731 4 2
732 0 2
732 1 2
732 2 2
732 3 2
732 4 2
733 0 2
733 1 2
733 2 2
733 3 2
733 4 2
734 0 2
734 1 2
734 2 2
734 3 2
734 4 2
735 0 2
735 1 2
735 2 2
735 3 2
735 4 2
736 0 2
736 1 2
736 2 2
736 3 2
736 4 2
737 0 2
737 1 2
737 2 2
737 3 2
737 4 2
738 0 2
738 1 2
738 2 2
738 3 2
738 4 2
739 0 2
739 1 2
739 2 2
739 3 2
739 4 2
740 0 2
740 1 2
740 2 2
740 3 2
740 4 2
741 0 2
741 1 2
741 2 2
741 3 2
741 4 2
742 0 2
742 1 2
742 2 2
742 3 2
742 4 2
743 0 2
743 1 2
743 2 2
743 3 2
743 4 2
744 0 2
744 1 2
744 2 2
744 3 2
744 4 2
165 0 2
745 0 2
745 1 2
745 2 2
745 3 2
745 4 2
746 0 2
746 1 2
746 2 2
746 3 2
746 4 2
747 0 2
747 1 2
747 2 2
747 3 2
747 4 2
748 0 2
748 1 2
748 2 2
748 3 2
748 4 2
749 0 2
749 1 2
749 2 2
749 3 2
749 4 2
750 0 2
750 1 2
750 2 2
750 3 2
750 4 2
751 0 2
751 1 2
751 2 2
751 3 2
751 4 2
752 0 2
752 1 2
752 2 2
752 3 2
752 4 2
753 0 2
753 1 2
753 2 2
753 3 2
753 4 2
754 0 2
754 1 2
754 2 2
754 3 2
754 4 2
755 0 2
755 1 2
756 0 0
756 1 0
756 2 0
756 3 0
756 4 0
757 0 0
757 1 0
757 2 0
757 3 0
757 4 0
759 1 0
759 3 0
968 1 0
968 3 0
495 1 0
758 0 1
758 2 1
758 3 2
759 0 1
759 2 1
759 3 2
1145 3 1
1145 4 1
1195 3 1
1195 4 1
762 3 1
762 4 1
978 3 1
1196 3 1
1196 4 1
1170 3 1
1170 4 1
760 0 1
760 1 0
760 2 0
760 3 1
761 0 1
761 1 0
761 2 0
761 3 1
1197 3 1
762 3 1
1196 3 1
1198 3 1
762 0 0
762 1 0
1198 3 1
1199 3 1
1200 3 1
1198 3 1
1199 3 1
969 1 1
969 2 1
969 3 1
763 0 0
763 1 1
763 2 1
763 3 1
764 0 0
764 1 1
764 2 1
764 3 1
765 0 2
765 1 1
765 2 1
765 3 1
1200 3 1
1198 3 1
1199 3 1
766 0 1
766 1 1
766 2 1
766 3 1
766 4 1
767 0 1
767 1 1
767 2 1
767 3 1
767 4 1
970 1 1
970 3 1
970 4 1
768 0 1
768 1 1
768 2 1
768 3 1
768 4 1
769 0 2
769 1 0
769 2 0
769 3 0
769 4 0
225 0 2
770 0 0
770 1 0
770 2 0
770 3 0
770 4 0
771 0 0
771 1 0
771 2 0
771 3 0
771 4 0
772 0 0
772 2 0
772 3 0
772 4 0
773 0 0
773 1 0
773 2 2
773 3 0
773 4 0
774 0 0
774 1 0
774 2 0
774 3 0
774 4 0
971 1 0
971 2 0
971 3 0
971 4 0
972 1 0
972 2 0
972 3 0
972 4 0
775 0 0
775 1 0
775 2 0
775 3 0
775 4 0
776 0 0
776 1 0
776 2 0
776 3 0
776 4 0
777 0 0
777 1 0
777 2 0
777 3 0
777 4 0
1167 3 0
1167 4 0
952 1 1
952 2 1
953 1 1
953 2 1
778 0 0
778 1 0
778 3 0
778 4 0
779 0 0
779 1 0
779 2 2
779 3 0
779 4 0
780 0 0
780 1 0
780 2 2
780 3 0
780 4 0
781 0 0
781 1 0
781 2 2
781 3 0
781 4 0
778 0 0
782 0 0
782 1 0
782 3 0
782 4 0
782 0 0
932 2 1
932 3 0
1201 3 1
1202 3 1
1203 3 1
1002 3 1
1204 3 1
1202 3 1
1205 3 1
1206 3 1
1206 4 1
1207 3 1
1207 4 1
1208 3 1
1202 3 1
1209 3 1
1210 3 1
1211 3 1
980 3 1
1208 3 1
1202 3 1
1209 3 1
980 3 1
1212 3 1
1204 3 1
1202 3 1
1205 3 1
645 3 1
1213 3 1
1214 3 1
1215 3 1
1211 3 1
1270 4 0
1271 4 0
783 0 0
783 1 0
783 2 0
783 3 0
783 4 0
784 0 0
784 1 0
784 2 0
784 3 0
784 4 0
785 0 0
785 1 0
785 2 0
785 3 0
785 4 0
786 0 0
786 1 0
786 2 0
786 3 0
786 4 0
787 0 0
787 1 0
787 2 0
787 3 0
787 4 0
1272 4 0
1273 4 0
1274 4 0
788 0 0
788 1 0
788 3 0
788 4 0
789 0 2
789 1 0
789 2 0
789 3 0
789 4 0
790 0 0
790 1 0
790 2 0
790 3 0
790 4 2
1216 3 0
1216 4 1
791 0 0
791 1 0
791 2 1
791 3 0
791 4 1
792 0 0
792 1 0
792 3 0
1216 3 0
1216 4 1
489 0 2
1216 3 0
1164 4 1
958 3 2
958 4 1
1217 3 2
1217 4 1
793 0 0
793 1 1
793 3 2
794 0 2
794 1 1
794 3 0
794 4 1
1218 3 1
1219 3 1
1220 3 1
795 0 0
795 1 0
795 3 0
795 4 1
796 0 0
796 1 0
796 2 1
796 3 0
796 4 1
797 0 0
797 1 0
797 2 1
797 3 0
797 4 0
798 0 0
798 1 0
798 2 1
798 3 0
798 4 0
800 1 0
800 2 1
800 3 0
800 4 0
973 1 0
973 3 0
973 4 2
799 0 0
799 1 0
799 3 0
799 4 2
800 0 0
1221 3 0
223 3 0
801 0 1
801 1 1
801 2 0
801 3 0
801 4 1
802 0 1
802 1 1
802 2 0
802 3 0
802 4 1
803 0 2
803 1 1
803 2 0
803 3 0
803 4 1
804 0 2
804 1 1
804 2 0
804 3 0
804 4 1
805 0 2
805 1 1
805 2 0
805 3 0
805 4 1
806 0 1
806 1 1
806 2 1
806 3 0
806 4 1
807 0 1
807 1 1
807 2 1
807 3 0
807 4 1
808 0 2
808 1 1
808 2 0
808 3 0
808 4 1
809 0 2
809 1 1
809 2 2
809 3 0
809 4 1
810 0 2
810 1 2
810 2 2
810 3 0
810 4 1
811 0 2
811 1 0
811 2 2
811 3 0
811 4 1
812 0 0
812 1 0
812 2 2
812 3 0
812 4 2
813 0 0
813 1 0
813 2 2
813 3 0
813 4 2
814 0 0
814 1 0
814 2 2
814 3 0
814 4 2
815 0 2
815 1 2
815 2 2
815 3 0
815 4 2
795 0 0
1221 3 0
1222 3 0
223 3 0
816 0 0
816 1 0
816 2 0
816 3 0
816 4 1
974 1 1
974 2 2
974 3 0
817 0 2
817 1 1
817 2 2
817 3 0
817 4 1
818 0 2
818 1 2
818 2 0
818 3 0
818 4 1
819 0 2
819 1 1
819 2 0
819 3 0
819 4 1
820 0 2
820 1 1
820 2 1
820 3 0
820 4 1
975 1 2
975 3 0
821 0 2
821 1 2
821 2 1
821 3 0
821 4 1
1223 3 1
1224 3 1
670 3 1
836 3 1
822 0 1
822 3 1
823 0 1
823 3 1
824 0 1
824 3 1
1225 3 1
1226 3 1
1227 3 1
1228 3 1
987 3 1
1229 3 1
1230 3 1
1231 3 1
1232 3 1
1128 3 1
1128 3 1
1233 3 1
1234 3 1
1235 3 1
14 3 1
1236 3 1
836 4 1
1275 4 1
1276 4 1
1277 4 1
1127 4 1
1237 3 1
825 0 1
825 3 1
825 4 1
826 0 1
826 3 1
826 4 1
827 0 1
827 3 1
827 4 1
828 0 1
828 1 1
828 2 1
828 3 2
828 4 1
829 0 1
829 3 2
829 4 1
830 0 1
830 1 1
830 2 1
830 3 1
830 4 1
1238 3 1
831 0 1
831 2 1
831 3 1
831 4 1
1239 3 1
1239 4 1
1240 3 1
1240 4 1
1241 3 1
1241 4 1
1242 3 1
1242 4 1
1243 3 1
1243 4 1
1244 3 1
1244 4 1
827 3 1
827 4 1
1245 3 1
1245 4 1
1246 3 1
1246 4 1
1247 3 1
1247 4 1
1248 3 1
1248 4 1
1249 3 1
1249 4 1
1250 3 1
1250 4 1
1251 3 1
1251 4 1
1252 3 1
1253 3 1
1153 3 1
1254 3 1
1255 3 1
1256 3 1
1257 3 1
1258 3 1
1259 3 1
1260 3 1
1260 4 1
1261 3 2
1261 4 1
1262 3 2
1262 4 1
1263 3 1
1263 4 1
832 0 0
832 3 1
832 4 1
833 0 0
833 3 0
834 0 0
834 3 0
835 0 2
835 1 2
835 2 2
835 3 2
835 4 2
836 0 2
836 1 2
836 2 2
837 0 2
837 1 2
837 2 2
837 3 2
837 4 2
838 0 2
838 1 2
838 2 2
838 3 2
838 4 2
839 0 2
839 1 2
839 2 2
839 3 2
839 4 2
840 0 2
840 1 2
840 2 2
840 3 2
840 4 2
841 0 2
841 1 2
841 2 2
841 3 2
841 4 2
842 0 2
842 1 2
842 2 2
842 3 2
842 4 2
843 0 2
843 1 2
843 2 2
843 3 2
843 4 2
844 0 2
844 1 2
844 2 2
844 3 2
844 4 2
845 0 2
845 1 2
845 2 2
845 3 2
845 4 2
846 0 2
846 1 2
846 2 2
846 3 2
846 4 2
847 0 2
847 1 2
847 2 2
847 3 2
847 4 2
848 0 2
848 1 2
848 2 2
848 3 2
848 4 2
849 0 2
849 1 2
849 2 2
849 3 2
849 4 2
850 0 2
850 1 2
850 2 2
850 3 2
850 4 2
851 0 2
851 1 2
851 2 2
851 3 2
851 4 2
852 0 2
852 1 2
852 2 2
852 3 2
852 4 2
853 0 2
853 1 2
853 2 2
853 3 2
853 4 2
854 0 2
854 1 2
854 2 2
854 3 2
854 4 2
855 0 2
855 1 2
855 2 2
855 3 2
855 4 2
856 0 2
856 1 2
856 2 2
856 3 2
856 4 2
857 0 2
857 1 2
857 2 2
857 3 2
857 4 2
858 0 2
858 1 2
858 2 2
858 3 2
858 4 2
859 0 2
859 1 2
859 2 2
859 3 2
859 4 2
860 0 2
860 1 2
860 2 2
860 3 2
860 4 2
861 0 2
861 1 2
861 2 2
861 3 2
862 0 2
862 1 2
862 2 2
862 3 2
862 4 2
863 0 2
863 1 2
863 2 2
863 3 2
864 0 2
864 1 2
864 2 2
864 3 2
864 4 2
865 0 2
865 1 2
865 2 2
865 3 2
865 4 2
866 0 2
866 1 2
866 2 2
866 3 2
866 4 2
867 0 2
867 1 2
867 2 2
867 3 2
867 4 2
868 0 2
868 1 2
868 2 2
868 3 2
868 4 2
869 0 2
869 1 2
869 2 2
869 3 2
869 4 2
870 0 2
870 1 2
870 2 2
870 3 2
870 4 2
871 0 2
871 1 2
871 2 2
871 3 2
871 4 2
872 0 2
872 1 2
872 2 2
873 0 2
873 1 2
873 2 2
873 3 2
874 0 2
874 1 2
874 2 2
874 3 2
874 4 2
875 0 2
875 1 2
875 2 2
875 3 2
875 4 2
876 0 2
876 1 2
876 2 2
876 3 2
876 4 2
877 0 2
877 1 2
877 2 2
877 3 2
877 4 2
878 0 2
878 1 2
878 2 2
878 3 2
878 4 2
879 0 2
879 1 2
879 2 2
879 3 2
879 4 2
880 0 2
880 1 2
880 2 2
880 3 2
880 4 2
881 0 2
881 1 2
881 2 2
881 3 2
881 4 2
172 0 2
172 1 2
882 0 2
882 1 2
882 2 2
882 3 2
882 4 2
883 0 2
883 1 2
883 2 2
883 3 2
883 4 2
884 0 2
884 1 2
884 2 2
884 3 2
884 4 2
885 0 2
885 1 2
885 2 2
885 3 2
885 4 2
886 0 2
886 1 2
886 2 2
886 3 2
886 4 2
604 0 2
887 0 2
887 1 2
887 2 2
887 3 2
887 4 2
888 0 2
888 1 2
888 2 2
888 3 2
888 4 2
889 0 2
889 1 2
889 2 2
889 3 2
889 4 2
890 0 2
890 1 2
890 2 2
890 3 2
890 4 2
891 0 2
891 1 2
891 2 2
891 3 2
891 4 2
892 0 2
892 1 2
892 2 2
892 3 2
892 4 2
893 0 2
893 1 2
893 2 2
893 3 2
893 4 2
894 0 2
894 1 2
894 2 2
894 3 2
894 4 2
895 0 2
895 1 2
895 2 2
895 3 2
895 4 2
896 0 2
896 1 2
896 2 2
896 3 2
896 4 2
897 0 2
897 1 2
897 2 2
897 3 2
897 4 2
898 0 2
898 1 2
898 2 2
898 3 2
898 4 2
899 0 2
899 1 2
899 2 2
899 3 2
899 4 2
1278 4 1
900 0 2
900 2 2
900 3 0
900 4 1
901 0 2
901 1 1
901 2 2
901 3 0
901 4 1
902 0 2
902 1 1
902 2 2
902 3 0
903 0 0
903 1 0
903 2 0
903 3 0
903 4 2
900 0 2
976 1 1
976 4 1
904 0 1
904 1 1
904 3 1
904 4 1
905 0 1
905 1 1
905 3 1
905 4 1
906 0 2
906 1 1
906 2 2
906 3 0
906 4 1
1264 3 1
1265 3 1
907 0 0
907 1 2
907 2 2
907 3 0
907 4 1
1266 3 1
1267 3 1
1268 3 1
908 0 0
908 1 0
908 2 0
908 3 0
908 4 2
977 1 2
909 0 2
909 1 2
909 2 1
909 3 0
909 4 1
979 1 2
979 3 2
981 1 2
981 3 2
979 1 2
979 3 2
982 1 2
982 3 2
983 1 2
983 3 2
981 1 2
981 3 2
984 1 2
984 3 2
985 1 2
985 3 2
986 1 2
986 3 2
987 1 2
987 3 2
988 1 2
988 3 2
989 1 2
989 3 2
990 1 2
990 3 2
981 1 2
984 1 2
984 3 2
991 1 2
991 3 2
992 1 2
992 3 2
993 1 2
993 3 2
994 1 2
994 3 2
995 1 2
995 3 2
996 1 2
996 3 2
997 1 2
997 3 2
998 1 2
998 3 2
999 1 2
999 3 2
1000 1 2
1000 3 2
979 1 2
1001 1 2
1001 3 2
639 1 2
1002 1 2
1002 3 2
1003 1 2
1003 3 2
1004 1 2
1004 3 2
822 1 2
822 3 2
1005 1 2
1005 3 2
910 0 1
910 1 2
910 2 1
910 3 2
910 4 1
1006 1 2
1006 3 2
1007 1 2
1007 3 2
1008 1 2
1008 3 2
1009 1 2
1009 3 2
822 1 2
1005 1 2
1005 3 2
1010 1 2
1010 3 2
167 1 2
167 3 2
1002 1 2
1002 3 2
1011 1 2
1011 3 2
1012 1 2
1012 3 2
1013 1 2
1013 3 2
1014 1 2
1014 3 2
1015 1 2
1015 3 2
1016 1 2
1016 3 2
1017 1 2
1017 3 2
1018 1 2
1018 3 2
984 1 2
1019 1 2
1019 3 2
1020 1 2
1020 3 2
1021 1 2
1021 3 2
1022 1 2
1022 3 2
1023 1 2
1023 3 2
1024 1 2
1024 3 2
1003 1 2
1003 3 2
1004 1 2
1004 3 2
1025 1 2
1025 3 2
1004 1 2
1026 1 2
1026 3 2
1008 1 2
1008 3 2
1027 1 2
1027 3 2
1028 1 2
1028 3 2
1029 1 2
1029 3 2
1030 1 2
1030 3 2
1031 1 2
1031 3 2
1025 1 2
1025 3 2
1032 1 2
1032 3 2
1033 1 2
1033 3 2
1034 1 2
1034 3 2
1035 1 2
1035 3 2
1036 1 2
1036 3 2
1037 1 2
1037 3 2
1038 1 2
1038 3 2
1039 1 2
1039 3 2
1025 1 2
1040 1 2
1040 3 2
1041 1 2
1041 3 2
1034 1 2
1042 1 2
1042 3 2
1043 1 2
1043 3 2
1044 1 2
1044 3 2
1045 1 2
1045 3 2
1046 1 2
1046 3 2
1047 1 2
1047 3 2
1048 1 2
1048 3 2
911 0 2
911 1 0
911 2 2
911 3 0
911 4 1
912 0 2
913 0 0
913 1 0
913 2 2
913 3 0
913 4 0
914 0 0
914 1 0
914 2 2
914 3 0
914 4 0
915 0 0
915 1 0
915 2 0
915 3 0
915 4 0
